[gd_scene load_steps=8 format=3 uid="uid://calufsomygbn7"]

[ext_resource type="PackedScene" uid="uid://cfrvinb5rmhlm" path="res://scenes/carnie.tscn" id="1_svhta"]
[ext_resource type="PackedScene" uid="uid://u4hm8no0vylh" path="res://scenes/player.tscn" id="2_u3h1h"]
[ext_resource type="PackedScene" uid="uid://b6qxis5s8yusb" path="res://scenes/fence.tscn" id="3_5docn"]
[ext_resource type="PackedScene" uid="uid://lpvmrhxrmmkp" path="res://scenes/hallway.tscn" id="3_pcqcv"]

[sub_resource type="ProceduralSkyMaterial" id="ProceduralSkyMaterial_hvf4p"]
sky_horizon_color = Color(0.64625, 0.65575, 0.67075, 1)
ground_horizon_color = Color(0.64625, 0.65575, 0.67075, 1)

[sub_resource type="Sky" id="Sky_hiyqy"]
sky_material = SubResource("ProceduralSkyMaterial_hvf4p")

[sub_resource type="Environment" id="Environment_de4k0"]
background_mode = 2
sky = SubResource("Sky_hiyqy")
tonemap_mode = 2
glow_enabled = true

[node name="gamestent" type="Node3D"]

[node name="WorldEnvironment" type="WorldEnvironment" parent="."]
environment = SubResource("Environment_de4k0")

[node name="carnie" parent="." instance=ExtResource("1_svhta")]
transform = Transform3D(-0.82085, 0, 0.571143, 0, 1, 0, -0.571143, 0, -0.82085, -0.59408, 2.24726, 4.50156)

[node name="CharacterBody3D" parent="." instance=ExtResource("2_u3h1h")]
transform = Transform3D(-0.0487627, 0.00730416, 0.998784, -9.14697e-12, 0.999973, -0.00731286, -0.998811, -0.000356594, -0.0487613, 8.52187, 1.88921, 1.33177)

[node name="ground" type="Node3D" parent="."]

[node name="mainarea" type="Node3D" parent="ground"]

[node name="CSGBox3D" type="CSGBox3D" parent="ground/mainarea"]
transform = Transform3D(1, 0, 0, 0, 1, 0, 0, 0, 1, 3.60156, 0, 0)
use_collision = true
size = Vector3(12.7969, 1, 8.22095)

[node name="CSGBox3D2" type="CSGBox3D" parent="ground/mainarea"]
transform = Transform3D(1, 0, 0, 0, 1, 0, 0, 0, 1, 3.60156, 0.705879, 4.74571)
use_collision = true
size = Vector3(12.7969, 0.817871, 1.26282)

[node name="CSGCylinder3D3" type="CSGCylinder3D" parent="ground/mainarea"]
transform = Transform3D(1, 0, 0, 0, 1, 0, 0, 0, 1, -10.419, -0.5, 0.679)
use_collision = true
radius = 27.3136
sides = 16

[node name="CSGBox3D" type="CSGBox3D" parent="ground/mainarea/CSGCylinder3D3"]
transform = Transform3D(1, 0, 0, 0, 1, 0, 0, 0, 1, 42.6154, -1.32325, 23.8143)
operation = 2
size = Vector3(44.5161, 7, 56.2458)

[node name="CSGBox3D2" type="CSGBox3D" parent="ground/mainarea/CSGCylinder3D3"]
transform = Transform3D(1, 0, 0, 0, 1, 0, 0, 0, 1, 23.7684, -1.32325, -3.35581)
operation = 2
size = Vector3(6.79718, 7, 34.8997)

[node name="CSGCylinder3D" type="CSGCylinder3D" parent="ground/mainarea"]
transform = Transform3D(1, 0, 0, 0, 1, 0, 0, 0, 1, -10.4189, 0.347517, 0.678884)
visible = false
radius = 6.90238
sides = 16

[node name="CSGCylinder3D2" type="CSGCylinder3D" parent="ground/mainarea"]
transform = Transform3D(1, 0, 0, 0, 1, 0, 0, 0, 1, -10.4189, -0.0861431, 0.678884)
visible = false
radius = 9.15069
sides = 16

[node name="CSGCylinder3D4" type="CSGCylinder3D" parent="ground/mainarea"]
transform = Transform3D(1, 0, 0, 0, 1, 0, 0, 0, 1, -10.4189, 3.93235, 0.678884)
use_collision = true
radius = 9.15803
height = 6.84955
sides = 16
cone = true

[node name="CSGBox3D" type="CSGBox3D" parent="ground/mainarea/CSGCylinder3D4"]
transform = Transform3D(1, 0, 0, 0, 1, 0, 0, 0, 1, 0, 1.06494, 0)
operation = 2
size = Vector3(17.8389, 8.27246, 17.4238)

[node name="CSGCylinder3D5" type="CSGCylinder3D" parent="ground/mainarea"]
transform = Transform3D(1, 0, 0, 0, 1, 0, 0, 0, 1, -10.4189, 4.22567, 0.678884)
use_collision = true
radius = 7.65629
height = 6.80287
sides = 16
cone = true

[node name="CSGBox3D" type="CSGBox3D" parent="ground/mainarea/CSGCylinder3D5"]
transform = Transform3D(1, 0, 0, 0, 1, 0, 0, 0, 1, 0, 1.1816, 0)
operation = 2
size = Vector3(17.8389, 8.51656, 17.4238)

[node name="hallway" parent="ground" instance=ExtResource("3_pcqcv")]

[node name="obstacles" type="Node3D" parent="."]

[node name="fence" parent="obstacles" instance=ExtResource("3_5docn")]
transform = Transform3D(0.375189, 0, 0.926948, 0, 1, 0, -0.926948, 0, 0.375189, -17.0241, -0.360602, 16.8183)

[node name="fence2" parent="obstacles" instance=ExtResource("3_5docn")]
transform = Transform3D(0.616102, 0, -0.787667, 0, 1, 0, 0.787667, 0, 0.616102, -21.3943, -0.360602, -13.0283)
