[gd_scene load_steps=2 format=3 uid="uid://lpvmrhxrmmkp"]

[ext_resource type="Script" uid="uid://bf1jrgpmw32ch" path="res://scenes/hallway.gd" id="1_owcqv"]

[node name="hallway" type="Node3D"]
transform = Transform3D(1, 0, 0, 0, 1, 0, 0, 0, 1, -41.9622, -0.311615, 22.8016)
script = ExtResource("1_owcqv")

[node name="CSGBox3D" type="CSGBox3D" parent="."]
transform = Transform3D(0.627364, -0.0726024, -0.775334, 0.00849301, 0.996223, -0.0864144, 0.77868, 0.0476284, 0.625611, 70.7938, -6.52751, -113.749)
visible = false
use_collision = true
size = Vector3(6.79407, 1, 16.5335)

[node name="CSGCylinder3D9" type="CSGCylinder3D" parent="."]
transform = Transform3D(0.313562, 0, 0.949568, 0, 1, 0, -0.949568, 0, 0.313562, 37.7442, -1.66376, -13.088)
use_collision = true
radius = 35.8793
height = 11.1207
sides = 16

[node name="CSGCylinder3D6" type="CSGCylinder3D" parent="CSGCylinder3D9"]
transform = Transform3D(-0.427137, 0, 0.904187, 0, 1, 0, -0.904187, 0, -0.427137, -6.10379, -0.270019, 5.49557)
operation = 2
use_collision = true
radius = 23.3048
height = 19.8173
sides = 16

[node name="CSGCylinder3D9" type="CSGCylinder3D" parent="CSGCylinder3D9"]
transform = Transform3D(0.940253, 0, 0.340478, 0, 1, 0, -0.340478, 0, 0.940253, 0.593231, -0.351552, -7.05561)
operation = 2
use_collision = true
radius = 24.8009
height = 8.93854
sides = 16

[node name="CSGCylinder3D6" type="CSGCylinder3D" parent="CSGCylinder3D9/CSGCylinder3D9"]
transform = Transform3D(-0.427137, 0, 0.904187, 0, 1, 0, -0.904187, 0, -0.427137, -6.10379, -0.270019, 5.49557)
operation = 2
use_collision = true
radius = 23.3048
height = 19.8173
sides = 16

[node name="CSGCylinder3D" type="CSGCylinder3D" parent="CSGCylinder3D9"]
transform = Transform3D(0.0425607, 0.990745, 0.128888, -0.949568, 3.38188e-08, 0.313562, 0.31066, -0.135733, 0.94078, 33.8149, -1.00187, -11.1662)
operation = 2
radius = 4.08907
height = 18.433

[node name="CSGCylinder3D2" type="CSGCylinder3D" parent="CSGCylinder3D9"]
transform = Transform3D(0.0371315, 0.986035, 0.162342, -0.96385, -0.00755411, 0.266338, 0.263845, -0.166363, 0.95011, 33.0532, -1.69547, -10.9147)
radius = 5.98477
height = 16.2154
sides = 10

[node name="CSGCylinder3D" type="CSGCylinder3D" parent="CSGCylinder3D9/CSGCylinder3D2"]
transform = Transform3D(-0.803358, -1.9744e-07, 0.595497, -4.47035e-08, -1, -4.61936e-07, 0.595497, -5.51343e-07, 0.803358, -0.0621719, 2.96126, -0.0779114)
operation = 2
radius = 3.65604
height = 22.4276

[node name="CSGCylinder3D3" type="CSGCylinder3D" parent="CSGCylinder3D9"]
transform = Transform3D(0.167233, -0.806634, 0.566898, -0.954475, 0.0115953, 0.298066, -0.247003, -0.590937, -0.767973, -23.8431, -1.21895, -26.9052)
operation = 2
radius = 4.08907
height = 14.5681

[node name="CSGCylinder3D4" type="CSGCylinder3D" parent="CSGCylinder3D9"]
transform = Transform3D(-0.188581, 0.785831, -0.588987, -0.959146, -0.018586, 0.282301, 0.210894, 0.61816, 0.757232, -24.5544, -1.90164, -27.2957)
radius = 5.98477
height = 16.2154
sides = 10

[node name="CSGCylinder3D" type="CSGCylinder3D" parent="CSGCylinder3D9/CSGCylinder3D4"]
transform = Transform3D(-0.772684, -0.0668538, 0.63126, 0.0647738, -0.997552, -0.0263607, 0.631477, 0.0205206, 0.775123, -0.930811, 2.95445, 0.162117)
operation = 2
radius = 3.65604
height = 24.5427

[node name="OmniLight3D3" type="OmniLight3D" parent="."]
transform = Transform3D(1, 0, 0, 0, 1, 0, 0, 0, 1, 13.9039, -1.51791, -21.9646)
light_color = Color(0.63249, 0.0441786, 0.155239, 1)
light_energy = 4.0
omni_range = 25.0

[node name="OmniLight3D4" type="OmniLight3D" parent="."]
transform = Transform3D(1, 0, 0, 0, 1, 0, 0, 0, 1, 14.5228, -1.51791, -1.07818)
light_color = Color(0.63249, 0.0441786, 0.155239, 1)
light_energy = 4.0
omni_range = 25.0

[node name="OmniLight3D5" type="OmniLight3D" parent="."]
transform = Transform3D(1, 0, 0, 0, 1, 0, 0, 0, 1, 45.6392, -1.51791, -33.686)
light_color = Color(0.63249, 0.0441786, 0.155239, 1)
light_energy = 4.0
omni_range = 25.0

[node name="OmniLight3D6" type="OmniLight3D" parent="."]
transform = Transform3D(-0.998451, 0, -0.0556299, 0, 1, 0, 0.0556299, 0, -0.998451, 62.5424, -1.74173, -93.7599)
light_color = Color(0.63249, 0.0441786, 0.155239, 1)
light_energy = 4.0
omni_range = 25.0

[node name="OmniLight3D7" type="OmniLight3D" parent="."]
transform = Transform3D(-0.998451, 0, -0.0556299, 0, 1, 0, 0.0556299, 0, -0.998451, 60.7624, -1.74173, -114.579)
light_color = Color(0.63249, 0.0441786, 0.155239, 1)
light_energy = 4.0
omni_range = 25.0

[node name="OmniLight3D8" type="OmniLight3D" parent="."]
transform = Transform3D(-0.998451, 0, -0.0556299, 0, 1, 0, 0.0556299, 0, -0.998451, 31.5085, -1.74173, -80.2909)
light_color = Color(0.63249, 0.0441786, 0.155239, 1)
light_energy = 4.0
omni_range = 25.0

[node name="CSGCylinder3D10" type="CSGCylinder3D" parent="."]
transform = Transform3D(-0.267962, 0, -0.96343, 0, 1, 0, 0.96343, 0, -0.267962, 38.3655, -1.88759, -97.7899)
use_collision = true
radius = 35.8793
height = 11.1207
sides = 16

[node name="CSGCylinder3D6" type="CSGCylinder3D" parent="CSGCylinder3D10"]
transform = Transform3D(-0.427137, 0, 0.904187, 0, 1, 0, -0.904187, 0, -0.427137, -6.10379, -0.270019, 5.49557)
operation = 2
use_collision = true
radius = 23.3048
height = 19.8173
sides = 16

[node name="CSGCylinder3D9" type="CSGCylinder3D" parent="CSGCylinder3D10"]
transform = Transform3D(0.940253, 0, 0.340478, 0, 1, 0, -0.340478, 0, 0.940253, 0.593231, -0.351552, -7.05561)
operation = 2
use_collision = true
radius = 24.8009
height = 8.93854
sides = 16

[node name="CSGCylinder3D6" type="CSGCylinder3D" parent="CSGCylinder3D10/CSGCylinder3D9"]
transform = Transform3D(-0.427137, 0, 0.904187, 0, 1, 0, -0.904187, 0, -0.427137, -6.10379, -0.270019, 5.49557)
operation = 2
use_collision = true
radius = 23.3048
height = 19.8173
sides = 16

[node name="CSGCylinder3D" type="CSGCylinder3D" parent="CSGCylinder3D10"]
transform = Transform3D(0.0425607, 0.990745, 0.128888, -0.949568, 3.38188e-08, 0.313562, 0.31066, -0.135733, 0.94078, 33.8149, -1.00187, -11.1662)
operation = 2
radius = 4.08907
height = 18.433

[node name="CSGCylinder3D2" type="CSGCylinder3D" parent="CSGCylinder3D10"]
transform = Transform3D(0.0211284, 0.993726, 0.109821, -0.963777, -0.00896658, 0.266557, 0.265869, -0.111475, 0.957541, 32.7838, -1.4806, -10.8227)
radius = 5.98477
height = 16.2154
sides = 10

[node name="CSGCylinder3D" type="CSGCylinder3D" parent="CSGCylinder3D10/CSGCylinder3D2"]
transform = Transform3D(-0.803358, -1.9744e-07, 0.595497, -4.47035e-08, -1, -4.61936e-07, 0.595497, -5.51343e-07, 0.803358, -0.0621719, 2.96126, -0.0779114)
operation = 2
radius = 3.65604
height = 22.4276

[node name="CSGCylinder3D3" type="CSGCylinder3D" parent="CSGCylinder3D10"]
transform = Transform3D(0.167233, -0.806634, 0.566898, -0.954475, 0.0115953, 0.298066, -0.247003, -0.590937, -0.767973, -23.8431, -1.21895, -26.9052)
operation = 2
radius = 4.08907
height = 14.5681

[node name="CSGCylinder3D4" type="CSGCylinder3D" parent="CSGCylinder3D10"]
transform = Transform3D(-0.188581, 0.785831, -0.588987, -0.959146, -0.018586, 0.282301, 0.210894, 0.61816, 0.757232, -24.5544, -1.90164, -27.2957)
radius = 5.98477
height = 16.2154
sides = 10

[node name="CSGCylinder3D" type="CSGCylinder3D" parent="CSGCylinder3D10/CSGCylinder3D4"]
transform = Transform3D(-0.772684, -0.0668538, 0.63126, 0.0647738, -0.997552, -0.0263607, 0.631477, 0.0205206, 0.775123, -0.930811, 2.95445, 0.162117)
operation = 2
radius = 3.65604
height = 24.5427
