[gd_scene load_steps=2 format=3 uid="uid://lpvmrhxrmmkp"]

[ext_resource type="PackedScene" uid="uid://ec2iu4a6f3mf" path="res://scenes/player_2.tscn" id="1_wxffx"]

[node name="hallway" type="Node3D"]

[node name="player2" parent="." instance=ExtResource("1_wxffx")]
transform = Transform3D(0.469579, 0, -0.88289, 0, 1, 0, 0.88289, 0, 0.469579, 45.7871, -4.10554, -21.7648)

[node name="DirectionalLight3D" type="DirectionalLight3D" parent="."]
transform = Transform3D(-0.866023, -0.433016, 0.250001, 0, 0.499998, 0.866027, -0.500003, 0.749999, -0.43301, 0, 0, 0)
shadow_enabled = true

[node name="CSGBox3D3" type="CSGBox3D" parent="."]
transform = Transform3D(0.973022, 0, 0.230712, 0, 1, 0, -0.230712, 0, 0.973022, -15.8955, -0.469925, -26.1699)
size = Vector3(8.34961, 1, 3.3147)

[node name="CSGBox3D4" type="CSGBox3D" parent="."]
transform = Transform3D(0.973022, 0, 0.230712, 0, 1, 0, -0.230712, 0, 0.973022, -16.3243, -1.15799, -28.0142)
size = Vector3(8.34961, 1, 3.3147)

[node name="CSGBox3D5" type="CSGBox3D" parent="."]
transform = Transform3D(0.978169, -0.052957, 0.200948, 0.00358678, 0.971143, 0.238471, -0.207778, -0.232544, 0.950132, -16.0641, -0.691038, -28.2148)
visible = false
use_collision = true
size = Vector3(8.34961, 1, 5.57031)

[node name="CSGBox3D6" type="CSGBox3D" parent="."]
transform = Transform3D(0.973022, 0, 0.230712, 0, 1, 0, -0.230712, 0, 0.973022, -18.4026, -1.1732, -36.5678)
use_collision = true
size = Vector3(8.34961, 1, 14.391)

[node name="CSGCylinder3D6" type="CSGCylinder3D" parent="."]
transform = Transform3D(0.313562, 0, 0.949568, 0, 1, 0, -0.949568, 0, 0.313562, 2.96918, -1.66376, -41.0651)
use_collision = true
radius = 27.3136
sides = 16

[node name="CSGCylinder3D6" type="CSGCylinder3D" parent="CSGCylinder3D6"]
transform = Transform3D(-0.427137, 0, 0.904187, 0, 1, 0, -0.904187, 0, -0.427137, -6.10379, -0.270019, 5.49557)
operation = 2
use_collision = true
radius = 23.3048
height = 4.10469
sides = 16

[node name="CSGCylinder3D7" type="CSGCylinder3D" parent="."]
transform = Transform3D(0.858549, 0, -0.512733, 0, 1, 0, 0.512733, 0, 0.858549, 1.87789, -1.66376, -84.0647)
use_collision = true
radius = 27.3136
sides = 16

[node name="CSGCylinder3D6" type="CSGCylinder3D" parent="CSGCylinder3D7"]
transform = Transform3D(-0.427137, 0, 0.904187, 0, 1, 0, -0.904187, 0, -0.427137, -6.10379, -0.270019, 5.49557)
operation = 2
use_collision = true
radius = 23.3048
height = 4.10469
sides = 16

[node name="CSGCylinder3D8" type="CSGCylinder3D" parent="."]
transform = Transform3D(-0.260875, 0, -0.965372, 0, 1, 0, 0.965372, 0, -0.260875, -16.5743, -1.66376, -104.975)
use_collision = true
radius = 27.3136
sides = 16

[node name="CSGCylinder3D6" type="CSGCylinder3D" parent="CSGCylinder3D8"]
transform = Transform3D(-0.427137, 0, 0.904187, 0, 1, 0, -0.904187, 0, -0.427137, -6.10379, -0.270019, 5.49557)
operation = 2
use_collision = true
radius = 23.3048
height = 4.10469
sides = 16

[node name="CSGCylinder3D9" type="CSGCylinder3D" parent="."]
transform = Transform3D(0.313562, 0, 0.949568, 0, 1, 0, -0.949568, 0, 0.313562, 85.1058, -1.66376, -41.0651)
use_collision = true
radius = 35.8793
height = 11.1207
sides = 16

[node name="CSGCylinder3D6" type="CSGCylinder3D" parent="CSGCylinder3D9"]
transform = Transform3D(-0.427137, 0, 0.904187, 0, 1, 0, -0.904187, 0, -0.427137, -6.10379, -0.270019, 5.49557)
operation = 2
use_collision = true
radius = 23.3048
height = 19.8173
sides = 16

[node name="CSGCylinder3D9" type="CSGCylinder3D" parent="CSGCylinder3D9"]
transform = Transform3D(0.940253, 0, 0.340478, 0, 1, 0, -0.340478, 0, 0.940253, 0.593231, -0.351552, -7.05561)
operation = 2
use_collision = true
radius = 24.8009
height = 8.93854
sides = 16

[node name="CSGCylinder3D6" type="CSGCylinder3D" parent="CSGCylinder3D9/CSGCylinder3D9"]
transform = Transform3D(-0.427137, 0, 0.904187, 0, 1, 0, -0.904187, 0, -0.427137, -6.10379, -0.270019, 5.49557)
operation = 2
use_collision = true
radius = 23.3048
height = 19.8173
sides = 16

[node name="CSGCylinder3D" type="CSGCylinder3D" parent="CSGCylinder3D9"]
transform = Transform3D(0.0425607, 0.990745, 0.128888, -0.949568, 3.38188e-08, 0.313562, 0.31066, -0.135733, 0.94078, 33.8149, -1.00187, -11.1662)
operation = 2
radius = 4.08907
height = 18.433

[node name="CSGCylinder3D2" type="CSGCylinder3D" parent="CSGCylinder3D9"]
transform = Transform3D(0.0371315, 0.986035, 0.162342, -0.96385, -0.00755411, 0.266338, 0.263845, -0.166363, 0.95011, 33.0532, -1.69547, -10.9147)
radius = 5.98477
height = 16.2154
sides = 10

[node name="CSGCylinder3D" type="CSGCylinder3D" parent="CSGCylinder3D9/CSGCylinder3D2"]
transform = Transform3D(-0.803358, -1.9744e-07, 0.595497, -4.47035e-08, -1, -4.61936e-07, 0.595497, -5.51343e-07, 0.803358, -0.0621719, 2.96126, -0.0779114)
operation = 2
radius = 3.65604
height = 22.4276

[node name="CSGCylinder3D3" type="CSGCylinder3D" parent="CSGCylinder3D9"]
transform = Transform3D(0.167233, -0.806634, 0.566898, -0.954475, 0.0115953, 0.298066, -0.247003, -0.590937, -0.767973, -23.8431, -1.21895, -26.9052)
operation = 2
radius = 4.08907
height = 14.5681

[node name="CSGCylinder3D4" type="CSGCylinder3D" parent="CSGCylinder3D9"]
transform = Transform3D(-0.188581, 0.785831, -0.588987, -0.959146, -0.018586, 0.282301, 0.210894, 0.61816, 0.757232, -24.5544, -1.90164, -27.2957)
radius = 5.98477
height = 16.2154
sides = 10

[node name="CSGCylinder3D" type="CSGCylinder3D" parent="CSGCylinder3D9/CSGCylinder3D4"]
transform = Transform3D(-0.772684, -0.0668538, 0.63126, 0.0647738, -0.997552, -0.0263607, 0.631477, 0.0205206, 0.775123, -0.930811, 2.95445, 0.162117)
operation = 2
radius = 3.65604
height = 24.5427

[node name="OmniLight3D3" type="OmniLight3D" parent="."]
transform = Transform3D(1, 0, 0, 0, 1, 0, 0, 0, 1, 61.2655, -1.51791, -49.9417)
light_color = Color(0.63249, 0.0441786, 0.155239, 1)
light_energy = 4.0
omni_range = 25.0

[node name="OmniLight3D4" type="OmniLight3D" parent="."]
transform = Transform3D(1, 0, 0, 0, 1, 0, 0, 0, 1, 61.8844, -1.51791, -29.0553)
light_color = Color(0.63249, 0.0441786, 0.155239, 1)
light_energy = 4.0
omni_range = 25.0

[node name="OmniLight3D5" type="OmniLight3D" parent="."]
transform = Transform3D(1, 0, 0, 0, 1, 0, 0, 0, 1, 93.0008, -1.51791, -61.6631)
light_color = Color(0.63249, 0.0441786, 0.155239, 1)
light_energy = 4.0
omni_range = 25.0

[node name="OmniLight3D6" type="OmniLight3D" parent="."]
transform = Transform3D(-0.998451, 0, -0.0556299, 0, 1, 0, 0.0556299, 0, -0.998451, 109.904, -1.74173, -121.737)
light_color = Color(0.63249, 0.0441786, 0.155239, 1)
light_energy = 4.0
omni_range = 25.0

[node name="OmniLight3D7" type="OmniLight3D" parent="."]
transform = Transform3D(-0.998451, 0, -0.0556299, 0, 1, 0, 0.0556299, 0, -0.998451, 108.124, -1.74173, -142.556)
light_color = Color(0.63249, 0.0441786, 0.155239, 1)
light_energy = 4.0
omni_range = 25.0

[node name="OmniLight3D8" type="OmniLight3D" parent="."]
transform = Transform3D(-0.998451, 0, -0.0556299, 0, 1, 0, 0.0556299, 0, -0.998451, 78.8701, -1.74173, -108.268)
light_color = Color(0.63249, 0.0441786, 0.155239, 1)
light_energy = 4.0
omni_range = 25.0

[node name="CSGCylinder3D10" type="CSGCylinder3D" parent="."]
transform = Transform3D(-0.267962, 0, -0.96343, 0, 1, 0, 0.96343, 0, -0.267962, 85.7271, -1.88759, -125.767)
use_collision = true
radius = 35.8793
height = 11.1207
sides = 16

[node name="CSGCylinder3D6" type="CSGCylinder3D" parent="CSGCylinder3D10"]
transform = Transform3D(-0.427137, 0, 0.904187, 0, 1, 0, -0.904187, 0, -0.427137, -6.10379, -0.270019, 5.49557)
operation = 2
use_collision = true
radius = 23.3048
height = 19.8173
sides = 16

[node name="CSGCylinder3D9" type="CSGCylinder3D" parent="CSGCylinder3D10"]
transform = Transform3D(0.940253, 0, 0.340478, 0, 1, 0, -0.340478, 0, 0.940253, 0.593231, -0.351552, -7.05561)
operation = 2
use_collision = true
radius = 24.8009
height = 8.93854
sides = 16

[node name="CSGCylinder3D6" type="CSGCylinder3D" parent="CSGCylinder3D10/CSGCylinder3D9"]
transform = Transform3D(-0.427137, 0, 0.904187, 0, 1, 0, -0.904187, 0, -0.427137, -6.10379, -0.270019, 5.49557)
operation = 2
use_collision = true
radius = 23.3048
height = 19.8173
sides = 16

[node name="CSGCylinder3D" type="CSGCylinder3D" parent="CSGCylinder3D10"]
transform = Transform3D(0.0425607, 0.990745, 0.128888, -0.949568, 3.38188e-08, 0.313562, 0.31066, -0.135733, 0.94078, 33.8149, -1.00187, -11.1662)
operation = 2
radius = 4.08907
height = 18.433

[node name="CSGCylinder3D2" type="CSGCylinder3D" parent="CSGCylinder3D10"]
transform = Transform3D(0.0211284, 0.993726, 0.109821, -0.963777, -0.00896658, 0.266557, 0.265869, -0.111475, 0.957541, 32.7838, -1.4806, -10.8227)
radius = 5.98477
height = 16.2154
sides = 10

[node name="CSGCylinder3D" type="CSGCylinder3D" parent="CSGCylinder3D10/CSGCylinder3D2"]
transform = Transform3D(-0.803358, -1.9744e-07, 0.595497, -4.47035e-08, -1, -4.61936e-07, 0.595497, -5.51343e-07, 0.803358, -0.0621719, 2.96126, -0.0779114)
operation = 2
radius = 3.65604
height = 22.4276

[node name="CSGCylinder3D3" type="CSGCylinder3D" parent="CSGCylinder3D10"]
transform = Transform3D(0.167233, -0.806634, 0.566898, -0.954475, 0.0115953, 0.298066, -0.247003, -0.590937, -0.767973, -23.8431, -1.21895, -26.9052)
operation = 2
radius = 4.08907
height = 14.5681

[node name="CSGCylinder3D4" type="CSGCylinder3D" parent="CSGCylinder3D10"]
transform = Transform3D(-0.188581, 0.785831, -0.588987, -0.959146, -0.018586, 0.282301, 0.210894, 0.61816, 0.757232, -24.5544, -1.90164, -27.2957)
radius = 5.98477
height = 16.2154
sides = 10

[node name="CSGCylinder3D" type="CSGCylinder3D" parent="CSGCylinder3D10/CSGCylinder3D4"]
transform = Transform3D(-0.772684, -0.0668538, 0.63126, 0.0647738, -0.997552, -0.0263607, 0.631477, 0.0205206, 0.775123, -0.930811, 2.95445, 0.162117)
operation = 2
radius = 3.65604
height = 24.5427
