[gd_scene load_steps=13 format=3 uid="uid://lpvmrhxrmmkp"]

[ext_resource type="Script" uid="uid://bf1jrgpmw32ch" path="res://scenes/hallway.gd" id="1_owcqv"]
[ext_resource type="Material" uid="uid://c1ai5mvkmpcud" path="res://assets/materials/Black.tres" id="2_1k2v8"]
[ext_resource type="Texture2D" uid="uid://cxbba8tuhjlv8" path="res://assets/Textures/Arcade_Wall_Brick.png" id="2_h81ti"]
[ext_resource type="Material" uid="uid://cxqty2uyqe7sh" path="res://assets/materials/tent.material" id="2_u7i40"]
[ext_resource type="PackedScene" uid="uid://dagy3w88e5fir" path="res://assets/materials/Box.tscn" id="5_1k2v8"]
[ext_resource type="PackedScene" uid="uid://dm64f4kpr4iqe" path="res://scenes/interactables/arcadecabinet.tscn" id="6_txc3n"]
[ext_resource type="Material" uid="uid://c4lfocr3brs4w" path="res://assets/materials/woodTest.tres" id="7_w57m6"]
[ext_resource type="Texture2D" uid="uid://b4b6f8vbx60fl" path="res://assets/Textures/arcadesign.png" id="8_nlnob"]
[ext_resource type="AudioStream" uid="uid://bevupvjhvpinl" path="res://assets/allsound/Music/Tent Upper floor ambience.wav" id="9_w57m6"]

[sub_resource type="StandardMaterial3D" id="StandardMaterial3D_u7i40"]
albedo_texture = ExtResource("2_h81ti")
uv1_scale = Vector3(6.425, 6.425, 6.425)

[sub_resource type="StandardMaterial3D" id="StandardMaterial3D_3w3tr"]
albedo_texture = ExtResource("2_h81ti")

[sub_resource type="BoxShape3D" id="BoxShape3D_w57m6"]
size = Vector3(4.78845, 1, 1.10632)

[node name="hallway" type="Node3D"]
transform = Transform3D(1, 0, 0, 0, 1, 0, 0, 0, 1, -41.9622, -0.311615, 22.8016)
script = ExtResource("1_owcqv")

[node name="CSGBox3D" type="CSGBox3D" parent="."]
transform = Transform3D(0.627364, -0.0726024, -0.775334, 0.00849301, 0.996223, -0.0864144, 0.77868, 0.0476284, 0.625611, 70.7938, -6.52751, -113.749)
visible = false
use_collision = true
size = Vector3(6.79407, 1, 16.5335)

[node name="Keep Tent" type="CSGCylinder3D" parent="."]
transform = Transform3D(0.313562, 0, 0.949568, 0, 1, 0, -0.949568, 0, 0.313562, 37.7442, -1.66376, -13.088)
use_collision = true
radius = 35.8793
height = 11.1207
sides = 16
material = ExtResource("2_1k2v8")

[node name="CSGCylinder3D6" type="CSGCylinder3D" parent="Keep Tent"]
transform = Transform3D(-0.427137, 0, 0.904187, 0, 1, 0, -0.904187, 0, -0.427137, -6.10379, -0.270019, 5.49557)
operation = 2
use_collision = true
radius = 23.3048
height = 19.8173
sides = 16
material = ExtResource("2_u7i40")

[node name="CSGCylinder3D9" type="CSGCylinder3D" parent="Keep Tent"]
transform = Transform3D(0.940253, 0, 0.340478, 0, 1, 0, -0.340478, 0, 0.940253, 0.593228, -0.351552, -7.05561)
operation = 2
use_collision = true
radius = 24.8599
height = 8.93854
sides = 16
material = ExtResource("2_u7i40")

[node name="CSGCylinder3D6" type="CSGCylinder3D" parent="Keep Tent/CSGCylinder3D9"]
transform = Transform3D(-0.427137, 0, 0.904187, 0, 1, 0, -0.904187, 0, -0.427137, -6.10379, -0.270019, 5.49557)
operation = 2
use_collision = true
radius = 23.3048
height = 19.8173
sides = 16
material = ExtResource("2_u7i40")

[node name="CSGCylinder3D" type="CSGCylinder3D" parent="Keep Tent"]
transform = Transform3D(0.0425607, 0.990745, 0.128888, -0.949568, 3.38188e-08, 0.313562, 0.31066, -0.135733, 0.94078, 33.8149, -1.00187, -11.1662)
operation = 2
radius = 4.08907
height = 18.433
material = ExtResource("2_1k2v8")

[node name="CSGCylinder3D2" type="CSGCylinder3D" parent="Keep Tent"]
transform = Transform3D(0.0371315, 0.986035, 0.162342, -0.96385, -0.00755411, 0.266338, 0.263845, -0.166363, 0.95011, 33.0532, -1.69547, -10.9147)
radius = 5.98477
height = 16.2154
sides = 10
material = ExtResource("2_1k2v8")

[node name="CSGCylinder3D" type="CSGCylinder3D" parent="Keep Tent/CSGCylinder3D2"]
transform = Transform3D(-0.803358, -1.9744e-07, 0.595497, -4.47035e-08, -1, -4.61936e-07, 0.595497, -5.51343e-07, 0.803358, -0.0621719, 2.96126, -0.0779114)
operation = 2
radius = 3.65604
height = 22.4276
material = ExtResource("2_1k2v8")

[node name="CSGCylinder3D3" type="CSGCylinder3D" parent="Keep Tent"]
transform = Transform3D(0.167233, -0.806634, 0.566898, -0.954475, 0.0115953, 0.298066, -0.247003, -0.590937, -0.767973, -23.8431, -1.21895, -26.9052)
operation = 2
radius = 4.08907
height = 14.5681
material = ExtResource("2_u7i40")

[node name="Keep Tent" type="CSGCylinder3D" parent="Keep Tent"]
transform = Transform3D(-0.188581, 0.785831, -0.588987, -0.959146, -0.018586, 0.282301, 0.210894, 0.61816, 0.757232, -24.5544, -1.90164, -27.2957)
radius = 5.98477
height = 16.2154
sides = 10
material = ExtResource("2_u7i40")

[node name="CSGCylinder3D" type="CSGCylinder3D" parent="Keep Tent/Keep Tent"]
transform = Transform3D(-0.772684, -0.0668538, 0.63126, 0.0647738, -0.997552, -0.0263607, 0.631477, 0.0205206, 0.775123, -0.930811, 2.95445, 0.162117)
operation = 2
radius = 3.65604
height = 24.5427
material = ExtResource("2_u7i40")

[node name="OmniLight3D3" type="OmniLight3D" parent="."]
transform = Transform3D(1, 0, 0, 0, 1, 0, 0, 0, 1, 13.9039, -1.51791, -21.9646)
light_color = Color(0.63249, 0.0441786, 0.155239, 1)
light_energy = 4.0
omni_range = 25.0

[node name="OmniLight3D4" type="OmniLight3D" parent="."]
transform = Transform3D(1, 0, 0, 0, 1, 0, 0, 0, 1, 14.5228, -1.51791, -1.07818)
light_color = Color(0.63249, 0.0441786, 0.155239, 1)
light_energy = 4.0
omni_range = 25.0

[node name="OmniLight3D5" type="OmniLight3D" parent="."]
transform = Transform3D(1, 0, 0, 0, 1, 0, 0, 0, 1, 45.6392, -1.51791, -33.686)
light_color = Color(0.63249, 0.0441786, 0.155239, 1)
light_energy = 4.0
omni_range = 25.0

[node name="OmniLight3D6" type="OmniLight3D" parent="."]
transform = Transform3D(-0.998451, 0, -0.0556299, 0, 1, 0, 0.0556299, 0, -0.998451, 62.5424, -1.74173, -93.7599)
light_color = Color(0.352941, 0.34902, 0.101961, 1)
light_energy = 4.0
omni_range = 25.0

[node name="OmniLight3D7" type="OmniLight3D" parent="."]
transform = Transform3D(-0.998451, 0, -0.0556299, 0, 1, 0, 0.0556299, 0, -0.998451, 60.7624, -1.74173, -114.579)
light_color = Color(0.353734, 0.350688, 0.10364, 1)
light_energy = 4.0
omni_range = 25.0

[node name="OmniLight3D8" type="OmniLight3D" parent="."]
transform = Transform3D(-0.998451, 0, -0.0556299, 0, 1, 0, 0.0556299, 0, -0.998451, 31.5085, -1.74173, -77.551)
light_color = Color(0.63249, 0.0441786, 0.155239, 1)
light_energy = 4.0
omni_range = 25.0

[node name="CSGCylinder3D4" type="CSGCylinder3D" parent="."]
transform = Transform3D(-0.152649, -0.806127, -0.571714, -0.959146, -0.018586, 0.282301, -0.238196, 0.59145, -0.770357, 71.2426, -3.78923, -114.132)
material_override = SubResource("StandardMaterial3D_u7i40")
radius = 5.98477
height = 16.2154
sides = 10
material = ExtResource("2_u7i40")

[node name="CSGCylinder3D" type="CSGCylinder3D" parent="CSGCylinder3D4"]
transform = Transform3D(-0.772684, -0.0668538, 0.63126, 0.0647738, -0.997552, -0.0263607, 0.631477, 0.0205206, 0.775123, -0.930811, 2.95445, 0.162117)
material_override = SubResource("StandardMaterial3D_3w3tr")
operation = 2
radius = 3.65604
height = 24.5427
material = ExtResource("2_u7i40")

[node name="CSGCylinder3D10" type="CSGCylinder3D" parent="."]
transform = Transform3D(-0.267962, 0, -0.96343, 0, 1, 0, 0.96343, 0, -0.267962, 38.3655, -1.88759, -97.7899)
use_collision = true
radius = 35.8793
height = 11.1207
sides = 16
material = ExtResource("2_1k2v8")

[node name="CSGCylinder3D6" type="CSGCylinder3D" parent="CSGCylinder3D10"]
transform = Transform3D(-0.427137, 0, 0.904187, 0, 1, 0, -0.904187, 0, -0.427137, -6.10379, -0.270019, 5.49557)
operation = 2
use_collision = true
radius = 23.3048
height = 19.8173
sides = 16
material = ExtResource("2_1k2v8")

[node name="CSGCylinder3D9" type="CSGCylinder3D" parent="CSGCylinder3D10"]
transform = Transform3D(0.940253, 0, 0.340478, 0, 1, 0, -0.340478, 0, 0.940253, 0.593231, -0.351552, -7.05561)
operation = 2
use_collision = true
radius = 25.3457
height = 8.93854
sides = 16
material = ExtResource("2_1k2v8")

[node name="CSGCylinder3D6" type="CSGCylinder3D" parent="CSGCylinder3D10/CSGCylinder3D9"]
transform = Transform3D(-0.427137, 0, 0.904187, 0, 1, 0, -0.904187, 0, -0.427137, -6.10379, -0.270019, 5.49557)
operation = 2
use_collision = true
radius = 23.3048
height = 19.8173
sides = 16
material = ExtResource("2_1k2v8")

[node name="CSGCylinder3D" type="CSGCylinder3D" parent="CSGCylinder3D10"]
transform = Transform3D(0.0425607, 0.990745, 0.128888, -0.949568, 3.38188e-08, 0.313562, 0.31066, -0.135733, 0.94078, 33.8149, -1.00187, -11.1662)
operation = 2
radius = 4.08907
height = 18.433
material = ExtResource("2_1k2v8")

[node name="CSGCylinder3D2" type="CSGCylinder3D" parent="CSGCylinder3D10"]
transform = Transform3D(0.0211284, 0.993726, 0.109821, -0.963777, -0.00896658, 0.266557, 0.265869, -0.111475, 0.957541, 32.7838, -1.4806, -10.8227)
radius = 5.98477
height = 16.2154
sides = 10
material = ExtResource("2_1k2v8")

[node name="CSGCylinder3D" type="CSGCylinder3D" parent="CSGCylinder3D10/CSGCylinder3D2"]
transform = Transform3D(-0.803358, -1.9744e-07, 0.595497, -4.47035e-08, -1, -4.61936e-07, 0.595497, -5.51343e-07, 0.803358, -0.0621719, 2.96126, -0.0779114)
operation = 2
radius = 3.65604
height = 22.4276
material = ExtResource("2_1k2v8")

[node name="CSGCylinder3D3" type="CSGCylinder3D" parent="CSGCylinder3D10"]
transform = Transform3D(0.170427, -0.869279, 0.599855, -0.972704, 0.0124958, 0.315394, -0.25172, -0.636831, -0.81262, -23.8923, -1.20956, -26.8205)
operation = 2
radius = 4.08907
height = 14.5681
material = ExtResource("2_1k2v8")

[node name="OmniLight3D9" type="OmniLight3D" parent="."]
transform = Transform3D(-0.998451, 0, -0.0556299, 0, 1, 0, 0.0556299, 0, -0.998451, 37.7955, -2.04723, -52.2157)
light_color = Color(0.63249, 0.0441786, 0.155239, 1)
light_energy = 4.0
omni_range = 25.0

[node name="Boxes" parent="." instance=ExtResource("5_1k2v8")]
transform = Transform3D(0.846258, -0.0750925, -0.527454, -0.163696, 0.905479, -0.391549, 0.507001, 0.417694, 0.753977, -2.83952, -2.47192, 2.53694)

[node name="Box" parent="Boxes" instance=ExtResource("5_1k2v8")]
transform = Transform3D(0.516618, -0.614308, 0.596432, 0.800482, 0.0993147, -0.59107, 0.303865, 0.782791, 0.54305, 2.32173, -1.48075, 2.14824)

[node name="Box2" parent="Boxes/Box" instance=ExtResource("5_1k2v8")]
transform = Transform3D(0.948682, 0.286001, 0.13493, -0.302872, 0.944453, 0.127586, -0.0909454, -0.161906, 0.982608, -0.335561, 0.163052, -1.90986)

[node name="Boxes" parent="Boxes" instance=ExtResource("5_1k2v8")]
transform = Transform3D(-0.892274, -0.140491, -0.429081, 0.243237, 0.651071, -0.718986, 0.380373, -0.7459, -0.546762, 25.0419, -19.4232, -52.057)

[node name="Box" parent="Boxes/Boxes" instance=ExtResource("5_1k2v8")]
transform = Transform3D(0.516618, -0.614308, 0.596432, 0.800482, 0.0993147, -0.59107, 0.303865, 0.782791, 0.54305, 2.32173, -1.48075, 2.14824)

[node name="Box2" parent="Boxes/Boxes/Box" instance=ExtResource("5_1k2v8")]
transform = Transform3D(0.948682, 0.286001, 0.13493, -0.302872, 0.944453, 0.127586, -0.0909454, -0.161906, 0.982608, -0.335561, 0.163052, -1.90986)

[node name="Box" parent="Boxes/Boxes/Box" instance=ExtResource("5_1k2v8")]
transform = Transform3D(0.0648988, -0.493952, 0.867064, 0.945932, 0.307177, 0.104192, -0.317808, 0.813421, 0.487179, -2.57611, 0.529955, -4.82975)

[node name="Box2" parent="Boxes/Boxes/Box/Box" instance=ExtResource("5_1k2v8")]
transform = Transform3D(0.948682, 0.286001, 0.13493, -0.302872, 0.944453, 0.127586, -0.0909454, -0.161906, 0.982608, -0.335561, 0.163052, -1.90986)

[node name="Boxes2" parent="." instance=ExtResource("5_1k2v8")]
transform = Transform3D(-0.955367, -0.046565, 0.291729, -0.163696, 0.905479, -0.391549, -0.245922, -0.421828, -0.872687, 14.9374, -3.82755, 0.194403)

[node name="Box" parent="Boxes2" instance=ExtResource("5_1k2v8")]
transform = Transform3D(0.516618, -0.614308, 0.596432, 0.800482, 0.0993147, -0.59107, 0.303865, 0.782791, 0.54305, 2.32173, -1.48075, 2.14824)

[node name="Box2" parent="Boxes2/Box" instance=ExtResource("5_1k2v8")]
transform = Transform3D(0.948682, 0.286001, 0.13493, -0.302872, 0.944453, 0.127586, -0.0909454, -0.161906, 0.982608, -0.335561, 0.163052, -1.90986)

[node name="arcadecabinet" parent="." instance=ExtResource("6_txc3n")]
transform = Transform3D(0.995716, 0, 0.0924575, -0.0904334, 0.208099, 0.973918, -0.0192404, -0.978108, 0.207208, 8.78079, -6.46104, -18.375)
hasJoyStick = false

[node name="arcadecabinet" parent="arcadecabinet" instance=ExtResource("6_txc3n")]
transform = Transform3D(0.221991, 0.95746, -0.184366, -0.935556, 0.262425, 0.236362, 0.274689, 0.120014, 0.954013, 17.5868, 13.3719, -1.45767)
hasJoyStick = false

[node name="arcadecabinet" parent="arcadecabinet/arcadecabinet" instance=ExtResource("6_txc3n")]
transform = Transform3D(0.740987, 0.660072, 0.123484, -0.670483, 0.716997, 0.190713, 0.037346, -0.22411, 0.97385, -42.8674, 15.4865, 0.555309)
hasJoyStick = false

[node name="Box" parent="." instance=ExtResource("5_1k2v8")]
transform = Transform3D(0.994762, -0.10222, 0, 0.10222, 0.994762, 0, 0, 0, 1, 9.01299, -5.67414, -23.2419)

[node name="Box" parent="Box" instance=ExtResource("5_1k2v8")]
transform = Transform3D(0.994762, -0.10222, 0, 0.10222, 0.994762, 0, 0, 0, 1, 9.72836, 1.06101, -11.609)

[node name="Box" parent="Box/Box" instance=ExtResource("5_1k2v8")]
transform = Transform3D(0.990379, 0.135659, 0.0273049, -0.138088, 0.981657, 0.131457, -0.00897076, -0.133963, 0.990946, 3.95918, 0.3475, 4.45213)

[node name="Bar" type="CSGBox3D" parent="."]
transform = Transform3D(0.994762, -0.10222, 0, 0.10222, 0.994762, 0, 0, 0, 1, 11.5386, -3.87041, -19.6253)
material_override = ExtResource("7_w57m6")
use_collision = true
size = Vector3(10.3033, 0.817871, 1.26282)

[node name="Bar" type="CSGBox3D" parent="Bar"]
transform = Transform3D(0.660914, -0.0328764, -0.749742, 0.136526, 0.987636, 0.0770421, 0.737939, -0.153277, 0.657231, 8.67972, -1.59225, -13.0226)
material_override = ExtResource("7_w57m6")
use_collision = true
size = Vector3(13.268, 0.817871, 1.26282)

[node name="Bar" type="CSGBox3D" parent="Bar/Bar"]
transform = Transform3D(-0.700702, 0.357867, -0.617211, 0.419348, 0.906476, 0.0495138, 0.577206, -0.224131, -0.78524, -11.7506, 3.78549, -68.1503)
material_override = ExtResource("7_w57m6")
use_collision = true
size = Vector3(13.268, 0.817871, 1.26282)

[node name="Bar" type="CSGBox3D" parent="Bar/Bar/Bar"]
transform = Transform3D(0.824708, 0.545535, -0.149162, -0.495688, 0.824212, 0.273802, 0.27231, -0.151868, 0.950151, -0.271234, 0.510562, 9.67902)
material_override = ExtResource("7_w57m6")
use_collision = true
size = Vector3(13.268, 0.817871, 1.26282)

[node name="Sprite3D" type="Sprite3D" parent="."]
transform = Transform3D(2.42631, 0, 0, 0, 2.79347, 0.646432, 0, -0.732854, 2.46405, 42.0041, -6.23869, -77.7491)
texture = ExtResource("8_nlnob")

[node name="Signhitbox" type="Area3D" parent="."]

[node name="CollisionShape3D" type="CollisionShape3D" parent="Signhitbox"]
transform = Transform3D(0.99906, -5.55112e-17, 0.0433404, -0.00988651, 0.973635, 0.227899, -0.0421977, -0.228113, 0.97272, 41.9184, -6.30764, -78.1071)
shape = SubResource("BoxShape3D_w57m6")

[node name="ambience" type="AudioStreamPlayer3D" parent="."]
transform = Transform3D(1, 0, 0, 0, 1, 0, 0, 0, 1, 39.2185, 16.3035, -74.3789)
stream = ExtResource("9_w57m6")
volume_db = 6.0
max_db = 6.0
autoplay = true
max_distance = 46.71

[node name="Box thing" parent="." instance=ExtResource("5_1k2v8")]
transform = Transform3D(0.570198, 0, -0.821508, 0, 1, 0, 0.821508, 0, 0.570198, 51.2233, -5.81061, -79.8212)

[node name="Box thing" parent="Box thing" instance=ExtResource("5_1k2v8")]
transform = Transform3D(-0.053926, -0.00422949, -0.998537, -0.00631287, 0.999972, -0.00389465, 0.998526, 0.0060936, -0.0539513, 0.780621, 1.95881, -0.469864)

[node name="Box thing" parent="Box thing/Box thing" instance=ExtResource("5_1k2v8")]
transform = Transform3D(-0.0539258, -0.00422949, -0.998537, -0.00631287, 0.999972, -0.00389465, 0.998526, 0.0060936, -0.0539509, -0.161682, 1.95779, 0.797104)

[node name="Box thing" parent="Box thing/Box thing/Box thing" instance=ExtResource("5_1k2v8")]
transform = Transform3D(0.0979347, -0.00376825, -0.995184, -0.00480649, 0.999978, -0.00425939, 0.99518, 0.00520049, 0.0979151, -2.78001, -1.61034, -0.140453)

[node name="Box thing" parent="Box thing/Box thing/Box thing/Box thing" instance=ExtResource("5_1k2v8")]
transform = Transform3D(-0.053926, -0.00422949, -0.998537, -0.00631287, 0.999973, -0.00389465, 0.998526, 0.0060936, -0.0539513, 0.795292, -0.422845, 2.05995)

[node name="Box thing" parent="Box thing/Box thing/Box thing/Box thing/Box thing" instance=ExtResource("5_1k2v8")]
transform = Transform3D(-0.0539261, -0.00422949, -0.998537, -0.00631287, 0.999972, -0.00389465, 0.998526, 0.0060936, -0.0539513, 2.01182, -0.503472, 0.453609)

[node name="Box thing" parent="Box thing/Box thing/Box thing/Box thing/Box thing/Box thing" instance=ExtResource("5_1k2v8")]
transform = Transform3D(-0.0539261, -0.00422949, -0.998536, -0.00631287, 0.999972, -0.00389464, 0.998525, 0.0060936, -0.0539514, 0.266495, -1.86722, -0.375134)

[node name="Box thing" parent="Box thing/Box thing/Box thing/Box thing/Box thing/Box thing/Box thing" instance=ExtResource("5_1k2v8")]
transform = Transform3D(-0.0539261, -0.00422949, -0.998537, -0.00631287, 0.999973, -0.00389465, 0.998526, 0.0060936, -0.0539514, 0.241173, 3.71663, 0.441387)

[node name="Box thing" parent="Box thing/Box thing/Box thing/Box thing/Box thing/Box thing/Box thing/Box thing" instance=ExtResource("5_1k2v8")]
transform = Transform3D(-0.0539258, -0.00422949, -0.998537, -0.00631287, 0.999972, -0.00389465, 0.998526, 0.0060936, -0.0539512, -0.09408, 1.92499, -0.77951)

[node name="Box thing" parent="Box thing/Box thing/Box thing/Box thing/Box thing/Box thing/Box thing/Box thing/Box thing" instance=ExtResource("5_1k2v8")]
transform = Transform3D(0.497846, 0.000707543, -0.867267, -0.00608089, 0.999979, -0.00267486, 0.867246, 0.00660539, 0.49784, -2.71581, -1.18108, 1.0128)

[node name="Box thing" parent="Box thing/Box thing/Box thing/Box thing/Box thing/Box thing/Box thing/Box thing/Box thing/Box thing" instance=ExtResource("5_1k2v8")]
transform = Transform3D(-0.131645, -0.0069102, -0.991274, -0.0109215, 0.999927, -0.00552011, 0.991238, 0.0100994, -0.13171, 0.176479, -3.96, -1.50946)

[node name="Box thing" parent="Box thing/Box thing/Box thing/Box thing/Box thing/Box thing/Box thing/Box thing/Box thing/Box thing/Box thing" instance=ExtResource("5_1k2v8")]
transform = Transform3D(-0.131645, -0.0069102, -0.991274, -0.0109215, 0.999926, -0.00552011, 0.991237, 0.0100994, -0.13171, -1.04174, -0.359885, 1.92051)

[node name="Box thing" parent="Box thing/Box thing/Box thing/Box thing/Box thing/Box thing/Box thing/Box thing/Box thing/Box thing/Box thing/Box thing" instance=ExtResource("5_1k2v8")]
transform = Transform3D(-0.229388, 0.562878, -0.794073, -0.307573, 0.732105, 0.607802, 0.923462, 0.383658, 0.00518957, 0.184471, 2.17887, 0.456161)

[node name="Box thing" parent="Box thing/Box thing/Box thing/Box thing/Box thing/Box thing/Box thing/Box thing/Box thing/Box thing/Box thing/Box thing/Box thing" instance=ExtResource("5_1k2v8")]
transform = Transform3D(0.238643, 0.926326, -0.291499, -0.461013, 0.372257, 0.80554, 0.854704, -0.0578505, 0.515884, 0.511234, -0.108791, -2.75628)

[node name="Box thing" parent="Box thing/Box thing/Box thing/Box thing/Box thing/Box thing/Box thing/Box thing/Box thing/Box thing/Box thing/Box thing/Box thing/Box thing" instance=ExtResource("5_1k2v8")]
transform = Transform3D(0.114152, 0.842324, 0.526747, -0.0394175, -0.525955, 0.849601, 0.992683, -0.117746, -0.0268364, 2.30172, -6.0598, -0.980601)

[node name="Box thing" parent="Box thing/Box thing/Box thing/Box thing/Box thing/Box thing/Box thing/Box thing/Box thing/Box thing/Box thing/Box thing/Box thing/Box thing/Box thing" instance=ExtResource("5_1k2v8")]
transform = Transform3D(0.238643, 0.926326, -0.291499, -0.461013, 0.372257, 0.80554, 0.854704, -0.0578505, 0.515885, 2.09868, -0.814914, 0.0939789)
