[gd_scene load_steps=20 format=3 uid="uid://unflq15lb488"]

[ext_resource type="PackedScene" uid="uid://b6qxis5s8yusb" path="res://scenes/fence.tscn" id="1_evbs2"]
[ext_resource type="Material" uid="uid://p8wlxvi3ghqx" path="res://assets/materials/grass.material" id="1_tdisj"]
[ext_resource type="Texture2D" uid="uid://cbtih5l8jnyvr" path="res://assets/art/pole.png" id="2_iifnn"]
[ext_resource type="PackedScene" uid="uid://dahmluncw00so" path="res://scenes/carnsign.tscn" id="3_w4g2w"]
[ext_resource type="PackedScene" uid="uid://bwqm2stqsp6y4" path="res://scenes/sign.tscn" id="4_ijg3w"]
[ext_resource type="PackedScene" uid="uid://bhr4dtuwreu5a" path="res://scenes/portal.tscn" id="5_40moq"]
[ext_resource type="AudioStream" uid="uid://chafqkssb64xn" path="res://assets/allsound/Music/Carnival game intro sequence track.wav" id="6_1waf8"]
[ext_resource type="PackedScene" uid="uid://gw27gms06jj0" path="res://scenes/playerScenes/playerUI.tscn" id="6_skt0m"]
[ext_resource type="PackedScene" uid="uid://ec2iu4a6f3mf" path="res://scenes/playerScenes/player_2.tscn" id="7_vdkxn"]
[ext_resource type="Texture2D" uid="uid://b76abtf6tt3fo" path="res://assets/Tent/Tent.png" id="11_cdqji"]
[ext_resource type="PackedScene" uid="uid://dshpia0pht20c" path="res://scenes/tentmodel.tscn" id="11_v7x2m"]
[ext_resource type="Texture2D" uid="uid://h0jf1oqlvxau" path="res://assets/Textures/road.png" id="12_cdqji"]
[ext_resource type="Texture2D" uid="uid://cnmumslsbm5ys" path="res://assets/Textures/Truck.png" id="13_x3una"]

[sub_resource type="ProceduralSkyMaterial" id="ProceduralSkyMaterial_o0dts"]
sky_horizon_color = Color(0.64625, 0.65575, 0.67075, 1)
ground_horizon_color = Color(0.64625, 0.65575, 0.67075, 1)

[sub_resource type="Sky" id="Sky_0yl32"]
sky_material = SubResource("ProceduralSkyMaterial_o0dts")

[sub_resource type="Environment" id="Environment_1lf6f"]
background_mode = 2
sky = SubResource("Sky_0yl32")
tonemap_mode = 2
volumetric_fog_enabled = true
volumetric_fog_density = 0.1045
volumetric_fog_emission = Color(0.57, 0.57, 0.57, 1)
volumetric_fog_emission_energy = 0.3

[sub_resource type="BoxShape3D" id="BoxShape3D_wp0as"]
size = Vector3(14.2598, 5.16321, 1.55566)

[sub_resource type="StandardMaterial3D" id="StandardMaterial3D_lt7nq"]
albedo_color = Color(0, 0, 0, 1)

[sub_resource type="StandardMaterial3D" id="StandardMaterial3D_x3una"]
albedo_texture = ExtResource("12_cdqji")
uv1_scale = Vector3(0.58, 0.58, 0.58)
uv1_offset = Vector3(0.34, 0.035, -0.5)
uv1_triplanar = true
texture_filter = 0

[node name="outside" type="Node3D"]

[node name="DirectionalLight3D" type="DirectionalLight3D" parent="."]
transform = Transform3D(-0.866023, -0.433016, 0.250001, 0, 0.499998, 0.866027, -0.500003, 0.749999, -0.43301, 0, 0, 0)
visible = false
shadow_enabled = true

[node name="WorldEnvironment" type="WorldEnvironment" parent="."]
environment = SubResource("Environment_1lf6f")

[node name="ground" type="Node3D" parent="."]

[node name="CSGBox3D13" type="CSGBox3D" parent="ground"]
transform = Transform3D(1, 0, 0, 0, 1, 0, 0, 0, 1, 3.16674, 0, 63.0355)
material_override = ExtResource("1_tdisj")
use_collision = true
size = Vector3(101.842, 1, 30.9754)

[node name="CSGBox3D" type="CSGBox3D" parent="ground"]
transform = Transform3D(1, 0, 0, 0, 1, 0, 0, 0, 1, -7.25744, 0, 28.5693)
material_override = ExtResource("1_tdisj")
use_collision = true
size = Vector3(132.728, 1, 19.1815)

[node name="CSGBox3D2" type="CSGBox3D" parent="ground"]
transform = Transform3D(1, 0, 0, 0, 0.988084, -0.153917, 0, 0.153917, 0.988084, -25.5051, 1.28211, 10.7611)
material_override = ExtResource("1_tdisj")
use_collision = true
size = Vector3(65.2122, 1, 16.7292)

[node name="CSGBox3D3" type="CSGBox3D" parent="ground"]
transform = Transform3D(1, 0, 0, 0, 0.996703, -0.0811383, 0, 0.0811383, 0.996703, -18.5002, 3.1714, -5.41279)
material_override = ExtResource("1_tdisj")
use_collision = true
size = Vector3(51.3516, 1, 16.3186)

[node name="CSGBox3D4" type="CSGBox3D" parent="ground"]
transform = Transform3D(0.954057, 0.024311, 0.298636, 0, 0.996703, -0.0811383, -0.299624, 0.0774106, 0.950912, -14.2435, 4.19647, -15.8308)
material_override = ExtResource("1_tdisj")
use_collision = true
size = Vector3(36.2307, 1, 16.3186)

[node name="CSGBox3D5" type="CSGBox3D" parent="ground"]
transform = Transform3D(0.961099, -0.000833984, 0.276202, -0.00303838, 0.999903, 0.0135918, -0.276187, -0.0139023, 0.961004, -17.8669, 4.74217, -31.6464)
material_override = ExtResource("1_tdisj")
use_collision = true
size = Vector3(34.6896, 1, 16.3186)

[node name="CSGBox3D6" type="CSGBox3D" parent="ground"]
transform = Transform3D(0.982365, 0.00044354, 0.186973, -0.00303838, 0.999903, 0.0135918, -0.186949, -0.0139202, 0.982271, -49.9811, 4.21079, -74.1063)
material_override = ExtResource("1_tdisj")
use_collision = true
size = Vector3(86.3338, 1, 103.411)

[node name="CSGBox3D7" type="CSGBox3D" parent="ground"]
transform = Transform3D(0.982365, 0.00044354, 0.186973, -0.00303838, 0.999903, 0.0135918, -0.186949, -0.0139202, 0.982271, 2.28425, 4.14267, -88.0878)
material_override = ExtResource("1_tdisj")
use_collision = true
size = Vector3(30.4621, 1, 61.6432)

[node name="CSGBox3D8" type="CSGBox3D" parent="ground"]
transform = Transform3D(0.99989, 0.00284069, 0.0145401, -0.00297508, 0.999953, 0.00922923, -0.0145133, -0.00927147, 0.999852, 26.875, 4.19686, -89.1927)
material_override = ExtResource("1_tdisj")
use_collision = true
size = Vector3(45.9767, 1, 57.748)

[node name="CSGBox3D9" type="CSGBox3D" parent="ground"]
transform = Transform3D(0.98969, 0.133872, 0.0509182, -0.134175, 0.990955, 0.00256122, -0.0501148, -0.00936676, 0.9987, 64.3568, 2.26861, -78.0581)
material_override = ExtResource("1_tdisj")
use_collision = true
size = Vector3(30.4621, 1, 110.702)

[node name="CSGBox3D10" type="CSGBox3D" parent="ground"]
transform = Transform3D(0.998527, -0.0212775, 0.0499065, 0.0207824, 0.99973, 0.0104193, -0.0501148, -0.00936676, 0.9987, 135.588, 1.62254, -64.5555)
material_override = ExtResource("1_tdisj")
use_collision = true
size = Vector3(117.5, 1, 64.7432)

[node name="CSGBox3D11" type="CSGBox3D" parent="ground"]
transform = Transform3D(1, 0, 0, 0, 0.993976, -0.109596, 0, 0.109596, 0.993977, 41.848, 2.89576, -5.2095)
material_override = ExtResource("1_tdisj")
use_collision = true
size = Vector3(69.4268, 0.684692, 49.1059)

[node name="CSGBox3D11" type="CSGBox3D" parent="ground/CSGBox3D11"]
transform = Transform3D(0.976927, -0.01588, 0.212985, -0.014281, 0.990145, 0.139329, -0.213098, -0.139156, 0.967072, -31.7963, -2.67567, -30.935)
use_collision = true
size = Vector3(25.2188, 1, 49.1059)

[node name="CSGBox3D12" type="CSGBox3D" parent="ground"]
transform = Transform3D(-0.0245175, 0.0154231, 0.999582, -0.0403935, 0.999051, -0.0164057, -0.998883, -0.0407788, -0.0238716, 42.2607, 3.90913, -42.2466)
material_override = ExtResource("1_tdisj")
use_collision = true
size = Vector3(37.5829, 1, 49.1059)

[node name="carCollision" type="StaticBody3D" parent="ground"]
transform = Transform3D(1, 0, 0, 0, 1, 0, 0, 0, 1, 0, 0.816931, 34.2321)

[node name="CollisionShape3D" type="CollisionShape3D" parent="ground/carCollision"]
transform = Transform3D(1, 0, 0, 0, 1, 0, 0, 0, 1, -3.47339, 2.0816, 0.52063)
shape = SubResource("BoxShape3D_wp0as")

[node name="poleCollision" type="StaticBody3D" parent="ground"]
transform = Transform3D(0.994403, 0, 0.105657, 0, 1, 0, -0.105657, 0, 0.994403, -12.5373, 6.48188, -73.0797)

[node name="CollisionShape3D" type="CollisionShape3D" parent="ground/poleCollision"]
transform = Transform3D(1, 0, 0, 0, 1, 0, 0, 0, 1, -2.57986, 0.891394, 0.61557)
shape = SubResource("BoxShape3D_wp0as")

[node name="sprites" type="Node3D" parent="."]

[node name="pole" type="Sprite3D" parent="sprites"]
transform = Transform3D(0.994212, -0.0154455, 0.106321, 0.015358, 0.999881, 0.00164238, -0.106333, 2.32085e-11, 0.994331, -14.2433, 5.33224, -71.7366)
pixel_size = 0.018
texture = ExtResource("2_iifnn")

[node name="fences" type="Node3D" parent="."]

[node name="fence" parent="fences" instance=ExtResource("1_evbs2")]
transform = Transform3D(0.0894941, -0.0144292, 0.995883, 0.159175, 0.98725, 6.95775e-09, -0.983185, 0.15852, 0.0906499, -10.4179, 1.69778, 10.212)

[node name="fence2" parent="fences" instance=ExtResource("1_evbs2")]
transform = Transform3D(0.197607, 0.00600656, -0.980263, -0.0805122, 0.996702, -0.0101228, 0.976969, 0.0809235, 0.197439, 3.80212, 3.62044, -4.83348)

[node name="fence3" parent="fences" instance=ExtResource("1_evbs2")]
transform = Transform3D(0.0226565, -0.00365291, -0.999737, -0.15656, 0.987643, -0.00715673, 0.987409, 0.156681, 0.0218046, 5.57351, 1.79927, 11.0218)

[node name="fence4" parent="fences" instance=ExtResource("1_evbs2")]
transform = Transform3D(-0.0855361, 0.00755417, 0.996306, 0.0879732, 0.996123, 3.84542e-09, -0.992443, 0.0876482, -0.0858691, -10.4179, 3.66329, -5.43421)

[node name="fence5" parent="fences" instance=ExtResource("1_evbs2")]
transform = Transform3D(-0.23725, 0.0140252, 0.971348, 0.0648394, 0.997895, 0.0014284, -0.969283, 0.0633203, -0.23766, -12.9109, 5.00391, -20.9448)

[node name="fence6" parent="fences" instance=ExtResource("1_evbs2")]
transform = Transform3D(0.211603, -0.00294501, -0.977351, -0.0750525, 0.996993, -0.0192535, 0.974469, 0.0774268, 0.210746, 0.915209, 4.66915, -20.4356)

[node name="fence7" parent="fences" instance=ExtResource("1_evbs2")]
transform = Transform3D(0.211603, -0.00294501, -0.977351, 0.0104195, 0.999945, -0.000757108, 0.977299, -0.0100233, 0.211622, -2.39384, 5.24419, -35.6098)

[node name="fence8" parent="fences" instance=ExtResource("1_evbs2")]
transform = Transform3D(-0.1451, 0.00801185, 0.989385, -0.0424944, 0.998995, -0.0143218, -0.988505, -0.0441216, -0.144614, -15.8744, 5.18852, -36.3911)

[node name="fence9" parent="fences" instance=ExtResource("1_evbs2")]
transform = Transform3D(-0.246352, 0.0029246, 0.969176, -0.00677134, 0.999966, -0.0047387, -0.969157, -0.00773015, -0.246324, -18.7924, 5.00536, -51.8835)

[node name="fence10" parent="fences" instance=ExtResource("1_evbs2")]
transform = Transform3D(-0.113408, 0.0104871, 0.993493, -0.0238771, 0.999627, -0.0132774, -0.993262, -0.0252276, -0.113115, -21.67, 4.74356, -67.6093)

[node name="fence11" parent="fences" instance=ExtResource("1_evbs2")]
transform = Transform3D(-0.261012, 0.00273342, 0.965331, 0.0104718, 0.999945, 0, -0.965278, 0.0101087, -0.261027, -5.23097, 5.01106, -51.0576)

[node name="fence12" parent="fences" instance=ExtResource("1_evbs2")]
transform = Transform3D(-0.9882, 0.00289217, -0.153137, 0.00330816, 0.999991, -0.00246157, 0.153128, -0.00293921, -0.988201, 0.386563, 4.99261, -59.7144)

[node name="fence13" parent="fences" instance=ExtResource("1_evbs2")]
transform = Transform3D(0.985043, -0.00358102, 0.172273, 0.00507265, 0.999954, -0.0082183, -0.172235, 0.00896928, 0.985015, -0.066967, 4.81125, -72.6386)

[node name="fence17" parent="fences" instance=ExtResource("1_evbs2")]
transform = Transform3D(0.985043, -0.00358102, 0.172273, 0.00507265, 0.999954, -0.0082183, -0.172235, 0.00896928, 0.985015, 15.9524, 4.81125, -75.5158)

[node name="fence23" parent="fences" instance=ExtResource("1_evbs2")]
transform = Transform3D(0.985043, -0.00358102, 0.172273, 0.00507265, 0.999954, -0.0082183, -0.172235, 0.00896928, 0.985015, 15.7534, 5.0083, -62.4173)

[node name="fence24" parent="fences" instance=ExtResource("1_evbs2")]
transform = Transform3D(0.999368, -0.00477996, 0.0352357, 0.00507265, 0.999954, -0.0082183, -0.0351942, 0.00839188, 0.999345, 31.7928, 5.08651, -64.1711)

[node name="fence25" parent="fences" instance=ExtResource("1_evbs2")]
transform = Transform3D(0.98824, 0.0743623, -0.133611, -0.0765181, 0.997007, -0.011067, 0.132389, 0.0211606, 0.990972, 47.65, 4.52011, -63.3623)

[node name="fence26" parent="fences" instance=ExtResource("1_evbs2")]
transform = Transform3D(0.989886, 0.124659, -0.0677247, -0.125795, 0.991975, -0.0127602, 0.065591, 0.0211506, 0.997622, 63.5782, 2.84003, -61.7524)

[node name="fence27" parent="fences" instance=ExtResource("1_evbs2")]
transform = Transform3D(0.993044, 0.0696713, -0.0949214, -0.0713762, 0.997342, -0.0146836, 0.0936466, 0.0213567, 0.995376, 79.6903, 1.19438, -60.5176)

[node name="fence29" parent="fences" instance=ExtResource("1_evbs2")]
transform = Transform3D(0.993044, 0.0696713, -0.0949214, -0.0713762, 0.997342, -0.0146836, 0.0936466, 0.0213567, 0.995376, 83.9051, 1.19438, -60.5176)
visible = false

[node name="fence28" parent="fences" instance=ExtResource("1_evbs2")]
transform = Transform3D(0.275791, -0.0334596, -0.960634, 0.0350565, 0.99908, -0.0247342, 0.960578, -0.0268548, 0.27671, 89.4952, 1.01135, -51.7811)

[node name="fence18" parent="fences" instance=ExtResource("1_evbs2")]
transform = Transform3D(0.998421, -0.00460465, 0.0559824, 0.00507265, 0.999954, -0.0082183, -0.0559414, 0.00848934, 0.998398, 31.8729, 4.81125, -77.4016)

[node name="fence19" parent="fences" instance=ExtResource("1_evbs2")]
transform = Transform3D(0.997972, 0.062648, 0.0112558, -0.0625482, 0.998002, -0.00899996, -0.0117966, 0.00827772, 0.999896, 47.7469, 4.36198, -78.1706)

[node name="fence20" parent="fences" instance=ExtResource("1_evbs2")]
transform = Transform3D(0.990911, 0.134102, 0.010581, -0.134, 0.990933, -0.00978446, -0.0117966, 0.00827772, 0.999896, 63.7863, 2.77771, -78.4313)

[node name="fence21" parent="fences" instance=ExtResource("1_evbs2")]
transform = Transform3D(0.999468, 0.0305015, 0.0115396, -0.0304027, 0.999501, -0.0086331, -0.0117966, 0.00827771, 0.999896, 79.8732, 1.3873, -78.7044)

[node name="fence30" parent="fences" instance=ExtResource("1_evbs2")]
transform = Transform3D(0.999468, 0.0305015, 0.0115396, -0.0304027, 0.999501, -0.0086331, -0.0117966, 0.00827771, 0.999896, 84.2305, 1.3873, -78.7044)
visible = false

[node name="fence22" parent="fences" instance=ExtResource("1_evbs2")]
transform = Transform3D(0.306575, 0.0113924, 0.951778, -0.0110528, 0.999904, -0.00840814, -0.951782, -0.00794224, 0.30667, 89.9192, 1.03597, -86.5887)

[node name="fence14" parent="fences" instance=ExtResource("1_evbs2")]
transform = Transform3D(0.198543, -0.00906193, -0.980051, 0.00507265, 0.999954, -0.0082183, 0.980079, -0.00333963, 0.19858, -8.08394, 4.81125, -79.2145)

[node name="fence15" parent="fences" instance=ExtResource("1_evbs2")]
transform = Transform3D(-0.229915, -0.0179813, 0.973045, -0.0122334, 0.999804, 0.0155854, -0.973133, -0.00832003, -0.23009, -9.13997, 0.481142, 26.6541)

[node name="fence15" parent="fences/fence15" instance=ExtResource("1_evbs2")]
transform = Transform3D(0.10139, -0.00983582, 0.9948, -0.00784164, 0.999914, 0.0106857, -0.994816, -0.00888393, 0.101304, -8.99751, 0.0523861, 4.17249)
visible = false

[node name="fence16" parent="fences" instance=ExtResource("1_evbs2")]
transform = Transform3D(0.285966, -0.0114374, 0.958172, -0.0122334, 0.999804, 0.0155854, -0.958161, -0.0161783, 0.28577, 3.47899, 0.481142, 25.8226)

[node name="signs" type="Node3D" parent="."]

[node name="carnsign" parent="signs" instance=ExtResource("3_w4g2w")]
transform = Transform3D(0.965926, 0, 0.258819, 0, 1, 0, -0.258819, 0, 0.965926, -16.9149, 9.56402, -75.4461)

[node name="sign" parent="signs" instance=ExtResource("4_ijg3w")]
transform = Transform3D(0.849396, 0, -0.527756, 0, 1, 0, 0.527756, 0, 0.849396, 17.5723, 7.49796, -71.8993)

[node name="sign2" parent="signs" instance=ExtResource("4_ijg3w")]
transform = Transform3D(0.723172, 0, -0.690668, 0, 1, 0, 0.690668, 0, 0.723172, 42.8581, 7.32022, -75.8993)
signNum = 2

[node name="sign3" parent="signs" instance=ExtResource("4_ijg3w")]
transform = Transform3D(0.717863, 0.120951, -0.685597, -0.0874685, 0.992658, 0.0835371, 0.690668, 0, 0.723172, 68.5167, 4.53967, -75.8993)
signNum = 3

[node name="portal" parent="." instance=ExtResource("5_40moq")]
transform = Transform3D(0.999112, -0.0421372, 0, 0.0421372, 0.999112, 0, 0, 0, 1, 91.5827, 1.48121, -68.5088)
visible = false
nextScene = "res://scenes/gamestent.tscn"

[node name="player2" parent="." instance=ExtResource("7_vdkxn")]
transform = Transform3D(1, 0, 0, 0, 1, 0, 0, 0, 1, -2.98872, 0.781738, 31.2981)

[node name="PlayerUI2" parent="player2" instance=ExtResource("6_skt0m")]

[node name="AudioStreamPlayer" type="AudioStreamPlayer" parent="."]
stream = ExtResource("6_1waf8")
volume_db = -2.0
autoplay = true

[node name="tent" parent="." instance=ExtResource("11_v7x2m")]
transform = Transform3D(-0.988042, 0, -1.41968e-07, 0, 1.08363, 0, 8.63774e-08, 0, -1.62392, 104.971, 1.03552, -68.4041)

[node name="CSGBox3D" type="CSGBox3D" parent="tent"]
transform = Transform3D(1, 0, -5.96856e-13, 0, 1, 0, 8.27782e-13, 0, 1, 12.0771, 1.39098, -0.0110435)
material_override = SubResource("StandardMaterial3D_lt7nq")
size = Vector3(1, 3.47473, 2.52673)

[node name="CSGBox3D2" type="CSGBox3D" parent="tent"]
transform = Transform3D(0.999656, 0, -6.9349e-12, 0, 0.999657, 0, 8.34888e-13, 0, 11.7879, 12.9746, 1.37962, -0.0110435)
material_override = SubResource("StandardMaterial3D_lt7nq")
use_collision = true
size = Vector3(1, 3.25604, 2.52673)

[node name="CSGBox3D3" type="CSGBox3D" parent="tent"]
transform = Transform3D(0.999656, 0, -6.9349e-12, 0, 0.999657, 0, 8.34888e-13, 0, 11.7879, 13.6311, 1.37962, -0.0110435)
visible = false
material_override = SubResource("StandardMaterial3D_lt7nq")
use_collision = true
size = Vector3(1, 3.25604, 2.52673)

[node name="CSGBox3D" type="CSGBox3D" parent="."]
transform = Transform3D(1, 0, 0, 0, 1, 0, 0, 0, 1, 92.1712, 6.12165, -68.6787)
visible = false
use_collision = true
size = Vector3(1, 11.4447, 22.0348)

[node name="Tent" type="Sprite3D" parent="."]
transform = Transform3D(-2.95052e-07, 0, 6.75, 0, 6.75, 0, -6.75, 0, -2.95052e-07, 91.0958, 10.2573, -68.7746)
alpha_cut = 3
texture_filter = 0
texture = ExtResource("11_cdqji")

[node name="CSGBox3D2" type="CSGBox3D" parent="."]
transform = Transform3D(57.5983, 0, 0, 0, 1, 0, 0, 0, 5.86647, -7.3369, 0.138563, 42.2755)
material_override = SubResource("StandardMaterial3D_x3una")
size = Vector3(2.22229, 1, 2.0376)

[node name="Sprite3D2" type="Sprite3D" parent="."]
transform = Transform3D(0.0799893, 0, -0.00130824, 0, 0.08, 0, 0.00130824, 0, 0.0799893, -3.06517, 2.70242, 34.7999)
flip_h = true
pixel_size = 0.288
alpha_cut = 3
texture_filter = 0
texture = ExtResource("13_x3una")
