[gd_scene load_steps=24 format=3 uid="uid://b1dmse2sq6oqn"]

[ext_resource type="Material" uid="uid://p8wlxvi3ghqx" path="res://assets/materials/grass.material" id="1_2mcvw"]
[ext_resource type="PackedScene" uid="uid://ec2iu4a6f3mf" path="res://scenes/playerScenes/player_2.tscn" id="2_utwu8"]
[ext_resource type="Texture2D" uid="uid://dlf1git8ky4a3" path="res://assets/Textures/Circle.png" id="3_bliab"]
[ext_resource type="PackedScene" uid="uid://dahmluncw00so" path="res://scenes/carnsign.tscn" id="3_x06tp"]
[ext_resource type="PackedScene" uid="uid://b6qxis5s8yusb" path="res://scenes/fence.tscn" id="4_7l7j1"]
[ext_resource type="PackedScene" uid="uid://dxi413p71bf7s" path="res://scenes/interactables/fungate.tscn" id="6_oti4k"]
[ext_resource type="Material" uid="uid://bbwjw5qb5mxox" path="res://assets/materials/janitorwood2.tres" id="7_308xq"]
[ext_resource type="Material" uid="uid://cxqty2uyqe7sh" path="res://assets/materials/tent.material" id="8_2anwn"]
[ext_resource type="Material" uid="uid://c4lfocr3brs4w" path="res://assets/materials/woodTest.tres" id="8_8tmsi"]
[ext_resource type="PackedScene" uid="uid://cfrvinb5rmhlm" path="res://scenes/interactables/carnie.tscn" id="9_2anwn"]
[ext_resource type="PackedScene" uid="uid://dx16tjr211b04" path="res://carnival_speaker_2.tscn" id="11_ymk8a"]
[ext_resource type="PackedScene" uid="uid://kl1cjqrainte" path="res://scenes/tree.tscn" id="12_ntj7i"]
[ext_resource type="PackedScene" uid="uid://d2k7t0kvqwa8o" path="res://scenes/bush.tscn" id="13_xnptu"]
[ext_resource type="PackedScene" uid="uid://dagy3w88e5fir" path="res://assets/materials/Box.tscn" id="14_bn2eg"]
[ext_resource type="PackedScene" uid="uid://drmxrykytqx0" path="res://scenes/table_no_light.tscn" id="15_ct7kn"]
[ext_resource type="PackedScene" uid="uid://dm64f4kpr4iqe" path="res://scenes/interactables/arcadecabinet.tscn" id="16_160l7"]

[sub_resource type="ProceduralSkyMaterial" id="ProceduralSkyMaterial_utwu8"]
sky_horizon_color = Color(0.64625, 0.65575, 0.67075, 1)
ground_horizon_color = Color(0.64625, 0.65575, 0.67075, 1)

[sub_resource type="Sky" id="Sky_s22lx"]
sky_material = SubResource("ProceduralSkyMaterial_utwu8")

[sub_resource type="Environment" id="Environment_x06tp"]
background_mode = 2
sky = SubResource("Sky_s22lx")
tonemap_mode = 2
volumetric_fog_enabled = true
volumetric_fog_density = 0.1045
volumetric_fog_emission = Color(0.57, 0.57, 0.57, 1)
volumetric_fog_emission_energy = 0.3

[sub_resource type="ParticleProcessMaterial" id="ParticleProcessMaterial_oti4k"]
emission_shape_scale = Vector3(0.18, 14.685, 0.18)
emission_shape = 3
emission_box_extents = Vector3(10, 0.5, 10)
direction = Vector3(0, -1, 0)
spread = 1.0
initial_velocity_min = 9.8
initial_velocity_max = 9.8
color = Color(0.681654, 0.756533, 0.902106, 1)
collision_mode = 1
collision_friction = 0.0
collision_bounce = 0.0

[sub_resource type="Curve" id="Curve_pu366"]
_limits = [0.0, 0.0876404, 0.0, 1.0]
_data = [Vector2(0, 0), 0.0, 0.0, 0, 0, Vector2(0.115044, 0.0539326), 0.529868, 0.529868, 0, 0, Vector2(0.190265, 0.0876404), 0.207292, 0.207292, 0, 0, Vector2(1, 0), 0.0, 0.0, 0, 0]
point_count = 4

[sub_resource type="StandardMaterial3D" id="StandardMaterial3D_xi7x6"]
transparency = 1
cull_mode = 2
shading_mode = 0
vertex_color_use_as_albedo = true
albedo_texture = ExtResource("3_bliab")
use_particle_trails = true

[sub_resource type="RibbonTrailMesh" id="RibbonTrailMesh_wbhli"]
material = SubResource("StandardMaterial3D_xi7x6")
size = 0.2
curve = SubResource("Curve_pu366")

[node name="second area" type="Node3D"]

[node name="WorldEnvironment" type="WorldEnvironment" parent="."]
environment = SubResource("Environment_x06tp")

[node name="ground" type="CSGBox3D" parent="."]
material_override = ExtResource("1_2mcvw")
use_collision = true
size = Vector3(86.3338, 1, 129.602)

[node name="player2" parent="." instance=ExtResource("2_utwu8")]
transform = Transform3D(1, 0, 0, 0, 1, 0, 0, 0, 1, 0.0862694, 1.26577, 23.3433)

[node name="Rain" type="Node3D" parent="player2"]
transform = Transform3D(1, 0, 0, 0, 1, 0, 0, 0, 1, 0.674977, -0.947154, 8.62936)

[node name="MeshInstance3D" type="MeshInstance3D" parent="player2/Rain"]
skeleton = NodePath("../../..")

[node name="GPUParticlesCollisionBox3D" type="GPUParticlesCollisionBox3D" parent="player2/Rain/MeshInstance3D"]

[node name="RainParticles" type="GPUParticles3D" parent="player2/Rain"]
transform = Transform3D(10.9503, 0, 0, 0, 2.20247, 0, 0, 0, 8.46832, -1.42154, 11.8631, -26.6846)
amount = 5000
lifetime = 2.0
randomness = 0.5
fixed_fps = 60
visibility_aabb = AABB(-10, -4, -10, 20, 8, 20)
trail_enabled = true
trail_lifetime = 0.02
process_material = SubResource("ParticleProcessMaterial_oti4k")
draw_pass_1 = SubResource("RibbonTrailMesh_wbhli")

[node name="carnsign" parent="." instance=ExtResource("3_x06tp")]
transform = Transform3D(1, 0, 0, 0, 1, 0, 0, 0, 1, 0.326232, 5.62617, 27.8109)

[node name="fences" type="Node3D" parent="."]
transform = Transform3D(0.0651881, -0.0105103, 0.997818, 0.159175, 0.98725, 6.49559e-09, -0.985095, 0.158828, 0.06603, -10.4085, 2.04438, 10.2413)

[node name="fence" parent="fences" instance=ExtResource("4_7l7j1")]
transform = Transform3D(-0.985096, 0.159176, -0.0651881, 0.158828, 0.98725, 0.0105103, 0.0660299, -5.21541e-08, -0.997818, -9.03966, -0.241065, 6.44458)

[node name="fence2" parent="fences" instance=ExtResource("4_7l7j1")]
transform = Transform3D(-0.985096, 0.159175, -0.0651881, 0.158828, 0.98725, 0.0105103, 0.0660299, -5.22179e-08, -0.997818, 6.77258, -2.79048, 5.3847)

[node name="fence3" parent="fences" instance=ExtResource("4_7l7j1")]
transform = Transform3D(-0.985096, 0.159175, -0.0651881, 0.158828, 0.98725, 0.0105103, 0.0660299, -5.22179e-08, -0.997818, -8.38888, -0.34599, 16.4058)

[node name="fence4" parent="fences" instance=ExtResource("4_7l7j1")]
transform = Transform3D(-0.985096, 0.159175, -0.0651881, 0.158828, 0.98725, 0.0105103, 0.0660299, -5.20632e-08, -0.997818, 7.40849, -2.89301, 15.347)

[node name="fence5" parent="fences" instance=ExtResource("4_7l7j1")]
transform = Transform3D(-0.985096, 0.159175, -0.0651881, 0.158828, 0.98725, 0.0105103, 0.0660299, -5.21679e-08, -0.997818, -40.6725, 4.85912, 8.5649)

[node name="fence6" parent="fences" instance=ExtResource("4_7l7j1")]
transform = Transform3D(-0.985096, 0.159175, -0.0651881, 0.158828, 0.98725, 0.0105103, 0.0660299, -5.19039e-08, -0.997818, -24.8603, 2.3097, 7.50502)

[node name="fence7" parent="fences" instance=ExtResource("4_7l7j1")]
transform = Transform3D(-0.985096, 0.159175, -0.0651881, 0.158828, 0.98725, 0.0105103, 0.0660299, -5.19039e-08, -0.997818, -40.0217, 4.7542, 18.5262)

[node name="fence8" parent="fences" instance=ExtResource("4_7l7j1")]
transform = Transform3D(-0.985096, 0.159175, -0.0651881, 0.158828, 0.98725, 0.0105103, 0.0660299, -5.328e-08, -0.997818, -24.2244, 2.20718, 17.4673)

[node name="fence9" parent="fences" instance=ExtResource("4_7l7j1")]
transform = Transform3D(-0.985096, 0.159175, -0.0651881, 0.158828, 0.98725, 0.0105103, 0.0660299, -5.19039e-08, -0.997818, 22.5791, -5.33898, 4.32521)

[node name="fence10" parent="fences" instance=ExtResource("4_7l7j1")]
transform = Transform3D(-0.985096, 0.159175, -0.0651881, 0.158828, 0.98725, 0.0105103, 0.0660299, -5.328e-08, -0.997818, 23.215, -5.44151, 14.2875)

[node name="fence11" parent="fences" instance=ExtResource("4_7l7j1")]
transform = Transform3D(-0.470637, 0.159175, -0.867852, 0.0758811, 0.98725, 0.139924, 0.879058, -3.13826e-07, -0.476714, 34.4596, -7.25401, -2.92267)

[node name="fence12" parent="fences" instance=ExtResource("4_7l7j1")]
transform = Transform3D(-0.470977, 0.158558, 0.86778, 0.0759725, 0.987349, -0.139173, -0.878868, 0.000379868, -0.477066, 35.1011, -7.35744, 20.4527)

[node name="fence13" parent="fences" instance=ExtResource("4_7l7j1")]
transform = Transform3D(-0.470978, 0.158558, 0.86778, 0.0759725, 0.987349, -0.139173, -0.878868, 0.000379869, -0.477065, 42.613, -8.5822, 34.5695)

[node name="fence14" parent="fences" instance=ExtResource("4_7l7j1")]
transform = Transform3D(-0.470637, 0.159175, -0.867853, 0.075881, 0.98725, 0.139924, 0.879058, -3.11478e-07, -0.476714, 42.0288, -8.4744, -17.0109)

[node name="fence15" parent="fences" instance=ExtResource("4_7l7j1")]
transform = Transform3D(-0.985097, 0.159175, -0.0651881, 0.158828, 0.98725, 0.0105103, 0.0660298, -5.72809e-08, -0.997818, 54.0872, -10.429, 41.4416)

[node name="fence16" parent="fences" instance=ExtResource("4_7l7j1")]
transform = Transform3D(-0.985097, 0.159175, -0.0651881, 0.158828, 0.98725, 0.0105103, 0.0660297, -6.19486e-08, -0.997818, 53.4946, -10.3213, -24.8966)

[node name="fence17" parent="fences" instance=ExtResource("4_7l7j1")]
transform = Transform3D(-0.985097, 0.159175, -0.0651881, 0.158828, 0.98725, 0.0105103, 0.0660297, -6.29488e-08, -0.997818, 69.2999, -12.8696, -25.9561)

[node name="fence18" parent="fences" instance=ExtResource("4_7l7j1")]
transform = Transform3D(-0.985097, 0.159175, -0.0651881, 0.158828, 0.98725, 0.0105103, 0.0660297, -6.62829e-08, -0.997818, 69.8604, -12.9713, 40.3666)

[node name="fence19" parent="fences" instance=ExtResource("4_7l7j1")]
transform = Transform3D(-0.985097, 0.159175, -0.0651881, 0.158828, 0.98725, 0.0105103, 0.0660296, -6.72831e-08, -0.997818, 85.6633, -15.5192, 39.3074)

[node name="fence20" parent="fences" instance=ExtResource("4_7l7j1")]
transform = Transform3D(-0.985098, 0.159175, -0.0651881, 0.158828, 0.98725, 0.0105103, 0.0660296, -7.02838e-08, -0.997818, 85.097, -15.4157, -27.0109)

[node name="fence21" parent="fences" instance=ExtResource("4_7l7j1")]
transform = Transform3D(0.484066, 0.158529, 0.860552, -0.0780099, 0.987354, -0.138008, -0.871548, -0.000327042, 0.490313, 98.0128, -17.5143, 31.4017)

[node name="fence22" parent="fences" instance=ExtResource("4_7l7j1")]
transform = Transform3D(-0.0249997, 0.159175, -0.986935, 0.00403102, 0.98725, 0.159124, 0.999682, -4.11709e-08, -0.0253221, 101.895, -18.1363, 17.1422)

[node name="fence23" parent="fences" instance=ExtResource("4_7l7j1")]
transform = Transform3D(-0.0249997, 0.159175, -0.986935, 0.00403102, 0.98725, 0.159124, 0.999682, -3.76479e-08, -0.0253221, 102.292, -18.2003, 1.14336)

[node name="fence24" parent="fences" instance=ExtResource("4_7l7j1")]
transform = Transform3D(-0.0249997, 0.159175, -0.986936, 0.00403103, 0.98725, 0.159124, 0.999682, -3.84558e-08, -0.0253221, 102.697, -18.2656, -14.8812)

[node name="inviswall(probablytemp)" type="CSGBox3D" parent="."]
transform = Transform3D(1, 0, 0, 0, 1, 0, 0, 0, 1, 0.485764, 3.29178, 29.7376)
visible = false
use_collision = true
size = Vector3(10.1606, 6.2821, 1)

[node name="fungate" parent="." instance=ExtResource("6_oti4k")]
transform = Transform3D(3.94735, 0, 0, 0, 3.83117, 0, 0, 0, 3.40569, 1.9041, 1.77504, -13.785)
itemToCheck = "mainDoorKey"

[node name="eaterHitBox" type="CSGBox3D" parent="."]
transform = Transform3D(3.47192, 0, 0, 0, 2.91325, 0, 0, 0, 1, -2.4729, 1.87318, -13.7531)
visible = false
use_collision = true
size = Vector3(1, 1, 0.942505)

[node name="TicketEater" type="CSGBox3D" parent="."]
transform = Transform3D(1, 0, 0, 0, 0.885653, 0, 0, 0, 1, -2.4729, 1.63078, -13.7243)
size = Vector3(2.33835, 3.66321, 1)

[node name="Label3D" type="Label3D" parent="TicketEater"]
transform = Transform3D(1.82889, 0, 0, 0, 1.82889, 0, 0, 0, 1.82889, 0, 1.02656, 0.5935)
text = "Future Ticket
Eater"

[node name="ground2" type="CSGBox3D" parent="."]
transform = Transform3D(1, 0, 0, 0, 1, 0, 0, 0, 1, -86.3457, 0, 0)
material_override = ExtResource("1_2mcvw")
use_collision = true
size = Vector3(86.3758, 1, 129.602)

[node name="ground3" type="CSGBox3D" parent="."]
transform = Transform3D(1, 0, 0, 0, 1, 0, 0, 0, 1, 86.7622, 0, 0)
material_override = ExtResource("1_2mcvw")
use_collision = true
size = Vector3(87.1835, 1, 129.602)

[node name="ground4" type="CSGBox3D" parent="."]
transform = Transform3D(1, 0, 0, 0, 1, 0, 0, 0, 1, 0, 0, -129.717)
material_override = ExtResource("1_2mcvw")
use_collision = true
size = Vector3(86.3338, 1, 129.843)

[node name="ground5" type="CSGBox3D" parent="."]
transform = Transform3D(1, 0, 0, 0, 1, 0, 0, 0, 1, -86.3457, 0, -129.722)
material_override = ExtResource("1_2mcvw")
use_collision = true
size = Vector3(86.3758, 1, 129.833)

[node name="ground6" type="CSGBox3D" parent="."]
transform = Transform3D(1, 0, 0, 0, 1, 0, 0, 0, 1, 86.7622, 0, -129.69)
material_override = ExtResource("1_2mcvw")
use_collision = true
size = Vector3(87.1835, 1, 129.896)

[node name="fungate2" parent="." instance=ExtResource("6_oti4k")]
transform = Transform3D(3.9919, 0, 4.59266, 0, 6.45779, 0, -5.3231, 0, 3.44413, -30.1316, 2.59792, -91.1119)
itemToCheck = "N/A"

[node name="Label3D" type="Label3D" parent="fungate2"]
transform = Transform3D(0.998546, 0, 0.0539045, 0, 1, 0, -0.0539046, 0, 0.998546, 0.0703058, -0.0835654, 0.171314)
modulate = Color(1, 0, 0, 1)
text = "BIG ASS FUCKIN
GATE"
font_size = 48

[node name="carnie" parent="." instance=ExtResource("9_2anwn")]
transform = Transform3D(0.99943, 0, 0.0337484, 0, 1, 0, -0.0337484, 0, 0.99943, 2.03026, 1.94793, -60.3316)

[node name="CarnieCube" type="Node3D" parent="."]

[node name="CSGBox3D2" type="CSGBox3D" parent="CarnieCube"]
transform = Transform3D(1, 0, 0, 0, 1, 0, 0, 0, 1, 1.9081, 0.705879, -60.3428)
material_override = ExtResource("8_8tmsi")
use_collision = true
size = Vector3(8.40485, 0.817871, 1.26282)

[node name="CSGBox3D3" type="CSGBox3D" parent="CarnieCube"]
transform = Transform3D(1, 0, 0, 0, 1, 0, 0, 0, 1, 1.9081, 0.705879, -67.7688)
material_override = ExtResource("8_8tmsi")
use_collision = true
size = Vector3(8.40485, 0.817871, 1.26282)

[node name="CSGBox3D4" type="CSGBox3D" parent="CarnieCube"]
transform = Transform3D(-4.37114e-08, 0, 1, 0, 1, 0, -1, 0, -4.37114e-08, 5.47718, 0.702674, -64.0555)
material_override = ExtResource("8_8tmsi")
use_collision = true
size = Vector3(6.15061, 0.817871, 1.29791)

[node name="CSGBox3D5" type="CSGBox3D" parent="CarnieCube"]
transform = Transform3D(-4.37114e-08, 0, 1, 0, 1, 0, -1, 0, -4.37114e-08, -1.63693, 0.702674, -64.0555)
material_override = ExtResource("8_8tmsi")
use_collision = true
size = Vector3(6.15061, 0.817871, 1.29791)

[node name="stupid chud tent stand" type="Node3D" parent="."]

[node name="CSGCylinder3D" type="CSGCylinder3D" parent="stupid chud tent stand"]
transform = Transform3D(0.764541, 0, 0, 0, 0.764541, 0, 0, 0, 0.764541, -19.9652, 1.92249, -40.7061)
radius = 0.27832
height = 6.34642
material = ExtResource("7_308xq")

[node name="CSGCylinder3D2" type="CSGCylinder3D" parent="stupid chud tent stand"]
transform = Transform3D(0.764541, 0, 0, 0, 0.764541, 0, 0, 0, 0.764541, -11.0361, 2.86236, -49.089)
radius = 0.27832
height = 7.04626
material = ExtResource("7_308xq")

[node name="CSGCylinder3D3" type="CSGCylinder3D" parent="stupid chud tent stand"]
transform = Transform3D(0.764541, 0, 0, 0, 0.764541, 0, 0, 0, 0.764541, -20.0189, 2.90252, -49.4817)
radius = 0.27832
height = 7.1513
material = ExtResource("7_308xq")

[node name="CSGBox3D" type="CSGBox3D" parent="stupid chud tent stand"]
transform = Transform3D(1, 0, 0, 0, 0.989283, -0.146014, 0, 0.146014, 0.989283, -15.6786, 5.08094, -44.9451)
size = Vector3(10.2683, 0.279785, 10.1289)
material = ExtResource("8_2anwn")

[node name="CSGCylinder3D4" type="CSGCylinder3D" parent="stupid chud tent stand"]
transform = Transform3D(0.764541, 0, 0, 0, 0.764541, 0, 0, 0, 0.764541, -11.9175, 1.92249, -40.7061)
radius = 0.27832
height = 6.34642
material = ExtResource("7_308xq")

[node name="Carnival Speaker2" parent="stupid chud tent stand" instance=ExtResource("11_ymk8a")]
transform = Transform3D(0.207155, 0, 0, 0, 0.207155, 0, 0, 0, 0.207155, 1.74369, 5.22796, -64.1553)

[node name="SpeakerPole" type="CSGCylinder3D" parent="stupid chud tent stand/Carnival Speaker2"]
transform = Transform3D(3.79468, 0, 0, 0, 15.0264, 0, 0, 0, 3.73234, 0.00868988, -15.0349, 0.0445032)
use_collision = true
material = ExtResource("7_308xq")

[node name="Trees" type="Node3D" parent="."]

[node name="Tree9" parent="Trees" instance=ExtResource("12_ntj7i")]
transform = Transform3D(1, 0, 0, 0, 1, 0, 0, 0, 1, 21.2721, 0.359602, 16.5069)

[node name="Tree10" parent="Trees" instance=ExtResource("12_ntj7i")]
transform = Transform3D(1, 0, 0, 0, 1, 0, 0, 0, 1, 20.607, 0, -6.9073)

[node name="Tree9" parent="Trees/Tree10" instance=ExtResource("12_ntj7i")]
transform = Transform3D(0.571817, -0.820382, 0, 0.820382, 0.571817, 0, 0, 0, 1, -40.1525, -0.563995, 21.9456)

[node name="Tree11" parent="Trees" instance=ExtResource("12_ntj7i")]
transform = Transform3D(1, 0, 0, 0, 1, 0, 0, 0, 1, -22.1008, 0.359602, -7.65106)

[node name="Tree12" parent="Trees" instance=ExtResource("12_ntj7i")]
transform = Transform3D(0.452975, -0.852356, -0.26135, 0.872487, 0.484083, -0.0665638, 0.183251, -0.197872, 0.962946, 39.1738, 0.057488, -29.302)

[node name="Tree13" parent="Trees" instance=ExtResource("12_ntj7i")]
transform = Transform3D(1, 0, 0, 0, 1, 0, 0, 0, 1, -30.8585, 0.359602, -30.24)

[node name="Tree13" parent="Trees/Tree13" instance=ExtResource("12_ntj7i")]
transform = Transform3D(1, 0, 0, 0, 1, 0, 0, 0, 1, -16.0535, 0.359602, -46.111)

[node name="Tree14" parent="Trees" instance=ExtResource("12_ntj7i")]
transform = Transform3D(1, 0, 0, 0, 0.42679, 0.904351, 0, -0.904351, 0.42679, -40.6837, 0.359602, -48.2532)

[node name="Tree15" parent="Trees" instance=ExtResource("12_ntj7i")]
transform = Transform3D(1, 0, 0, 0, 1, 0, 0, 0, 1, 44.7618, 0.359602, -52.9)

[node name="Tree16" parent="Trees" instance=ExtResource("12_ntj7i")]
transform = Transform3D(0.265512, 0.417285, -0.869124, -0.843691, 0.536828, 0, 0.46657, 0.733272, 0.494594, 40.4713, 0.359602, -82.6663)

[node name="Tree17" parent="Trees" instance=ExtResource("12_ntj7i")]
transform = Transform3D(0.991027, 0.118547, 0.061741, -0.118213, 0.992947, -0.00905267, -0.0623787, 0.00167291, 0.998051, 24.396, 0.359602, -100.59)

[node name="Tree18" parent="Trees" instance=ExtResource("12_ntj7i")]
transform = Transform3D(1, 0, 0, 0, 0.975234, -0.221174, 0, 0.221174, 0.975234, 1.70113, 0.359602, -104.151)

[node name="Tree19" parent="Trees" instance=ExtResource("12_ntj7i")]
transform = Transform3D(1, 0, 0, 0, 1, 0, 0, 0, 1, -12.9061, 0.359602, 41.208)

[node name="Tree20" parent="Trees" instance=ExtResource("12_ntj7i")]
transform = Transform3D(1, 0, 0, 0, 1, 0, 0, 0, 1, 14.3993, 0.359602, 55.5696)

[node name="Bushes" parent="." instance=ExtResource("13_xnptu")]
transform = Transform3D(1, 0, 0, 0, 1, 0, 0, 0, 1, 29.0305, 0.433357, -20.6)

[node name="Bush16" parent="Bushes" instance=ExtResource("13_xnptu")]
transform = Transform3D(1, 0, 0, 0, 1, 0, 0, 0, 1, -17.6804, 0.0398338, 24.4887)

[node name="Bush17" parent="Bushes" instance=ExtResource("13_xnptu")]
transform = Transform3D(1, 0, 0, 0, 1, 0, 0, 0, 1, -39.7485, 0.178838, 39.3712)

[node name="Bush18" parent="Bushes" instance=ExtResource("13_xnptu")]
transform = Transform3D(1, 0, 0, 0, 1, 0, 0, 0, 1, -43.959, 0.178838, 18.4419)

[node name="Bush19" parent="Bushes" instance=ExtResource("13_xnptu")]
transform = Transform3D(1, 0, 0, 0, 1, 0, 0, 0, 1, -53.6589, 0.178838, 2.11512)

[node name="Bush20" parent="Bushes" instance=ExtResource("13_xnptu")]
transform = Transform3D(1, 0, 0, 0, 1, 0, 0, 0, 1, -65.9286, 0.178838, -18.2839)

[node name="Bush21" parent="Bushes" instance=ExtResource("13_xnptu")]
transform = Transform3D(1, 0, 0, 0, 1, 0, 0, 0, 1, -67.2793, 0.178838, -48.6882)

[node name="Bush22" parent="Bushes" instance=ExtResource("13_xnptu")]
transform = Transform3D(1, 0, 0, 0, 1, 0, 0, 0, 1, -73.4525, 0.178838, -64.3106)

[node name="Bush23" parent="Bushes" instance=ExtResource("13_xnptu")]
transform = Transform3D(1, 0, 0, 0, 1, 0, 0, 0, 1, -50.509, 0.178838, -80.9476)

[node name="Bush24" parent="Bushes" instance=ExtResource("13_xnptu")]
transform = Transform3D(1, 0, 0, 0, 1, 0, 0, 0, 1, -39.6113, 0.178838, -86.0802)

[node name="Bush25" parent="Bushes" instance=ExtResource("13_xnptu")]
transform = Transform3D(1, 0, 0, 0, 1, 0, 0, 0, 1, -18.9283, 0.178838, -77.4652)

[node name="Bush26" parent="Bushes" instance=ExtResource("13_xnptu")]
transform = Transform3D(1, 0, 0, 0, 1, 0, 0, 0, 1, 6.13258, 0.178838, -70.7848)

[node name="Bush27" parent="Bushes" instance=ExtResource("13_xnptu")]
transform = Transform3D(1, 0, 0, 0, 1, 0, 0, 0, 1, 11.8629, 0.178838, -40.7794)

[node name="Bush28" parent="Bushes" instance=ExtResource("13_xnptu")]
transform = Transform3D(1, 0, 0, 0, 1, 0, 0, 0, 1, 15.5581, 0.178838, -19.4462)

[node name="Bush29" parent="Bushes" instance=ExtResource("13_xnptu")]
transform = Transform3D(1, 0, 0, 0, 1, 0, 0, 0, 1, -16.0862, 0.178838, 5.15304)

[node name="Bush30" parent="Bushes" instance=ExtResource("13_xnptu")]
transform = Transform3D(1, 0, 0, 0, 1, 0, 0, 0, 1, -16.0862, 0.178838, 60.4693)

[node name="Bush31" parent="Bushes" instance=ExtResource("13_xnptu")]
transform = Transform3D(1, 0, 0, 0, 1, 0, 0, 0, 1, -42.4789, 0.178838, 71.6459)

[node name="Bush32" parent="Bushes" instance=ExtResource("13_xnptu")]
transform = Transform3D(1, 0, 0, 0, 1, 0, 0, 0, 1, -40.0153, 0.178838, 4.97546)

[node name="Boxes" parent="." instance=ExtResource("14_bn2eg")]
transform = Transform3D(0.79012, 0, -0.473476, 0, 0.894013, 0, 0.408505, 0, 0.681699, -8.61611, 1.22302, -37.5685)

[node name="Boxes2" parent="Boxes" instance=ExtResource("14_bn2eg")]
transform = Transform3D(0.497, 0, -2.17671e-07, 0, 0.467, 0, 2.23517e-07, 0, 0.484, -6.51168, -0.173579, -2.44882)

[node name="Boxes3" parent="Boxes" instance=ExtResource("14_bn2eg")]
transform = Transform3D(0.497, 0, -2.08616e-07, 0, 0.467, 0, 2.68221e-07, 0, 0.484, -16.9605, -0.173579, -4.67688)

[node name="Tables" parent="." instance=ExtResource("15_ct7kn")]
transform = Transform3D(1.03679, -1.21608, -0.58428, 1.31113, 1.08191, 0.0747131, 0.318117, -0.495747, 1.59631, -14.1557, 0.551051, -45.3819)

[node name="Table" parent="Tables" instance=ExtResource("15_ct7kn")]
transform = Transform3D(0.732999, 0.674099, 0.09112, -0.624008, 0.719681, -0.304425, -0.27079, 0.166284, 0.948168, -1.0061, 1.04898, 2.4659)

[node name="arcadecabinet" parent="." instance=ExtResource("16_160l7")]
transform = Transform3D(0.0129553, -0.791484, 0.415477, 0.0246679, 0.415679, 0.791099, -0.893566, 6.66082e-09, 0.027863, -17.2145, -0.296111, -45.5661)
hasJoyStick = false

[node name="Label3D" type="Label3D" parent="."]
transform = Transform3D(2.80557, 0, 0, 0, 2.80557, 0, 0, 0, 2.80557, -16.07, 4.35905, -39.4431)
text = "Tent Concept: 
(Just imagine this, but it actually looks good)"

[node name="Label3D2" type="Label3D" parent="."]
transform = Transform3D(1.43161, 0, -2.41283, 0, 2.80557, 0, 2.41283, 0, 1.43161, 17.0941, 3.63187, -48.1237)
text = "There can be around 4 tents of different size scattered around.
All of them can have a unique game or item"

[node name="Label3D3" type="Label3D" parent="."]
transform = Transform3D(2.80206, 0, 0.140279, 0, 2.80557, 0, -0.140279, 0, 2.80206, 22.7895, 2.53253, -75.2074)
text = "Plenty of random destroyed carnival stuff outside too"

[node name="Label3D4" type="Label3D" parent="."]
transform = Transform3D(1.01461, 0, 2.61568, 0, 2.80557, 0, -2.61568, 0, 1.01461, 7.51287, 2.53253, -82.281)
text = "Just really wanted to concept this area out 
so everyone can see the vision"
