[gd_scene load_steps=16 format=3 uid="uid://drwyd1icj7mxy"]

[ext_resource type="Material" uid="uid://b33va4kp658uy" path="res://assets/materials/VentRedo.material" id="1_aj7ev"]
[ext_resource type="Material" uid="uid://wy55ycr3fm5i" path="res://assets/materials/Metal.material" id="1_eunuo"]
[ext_resource type="Script" uid="uid://cfyvkwoqliq2k" path="res://scenes/vent_thud_trigger.gd" id="1_fgy16"]
[ext_resource type="PackedScene" uid="uid://d36cuq3e6js5d" path="res://scenes/interactables/fun_pass.tscn" id="1_tia7w"]
[ext_resource type="AudioStream" uid="uid://hqrqpsoxr73m" path="res://assets/allsound/SFX/Vent thud.wav" id="2_eunuo"]
[ext_resource type="PackedScene" uid="uid://dkb5b43kccdo5" path="res://scenes/secret_room.tscn" id="2_j82be"]
[ext_resource type="PackedScene" uid="uid://brlc1sovsxia8" path="res://scenes/janitor_door.tscn" id="2_taaqu"]
[ext_resource type="Material" uid="uid://b5yl4usr7ba4k" path="res://assets/materials/VentFront.material" id="3_8gdm5"]
[ext_resource type="PackedScene" uid="uid://cttfkisb511ib" path="res://scenes/interactables/map_item.tscn" id="3_iw1bk"]
[ext_resource type="Material" uid="uid://c4lfocr3brs4w" path="res://assets/materials/woodTest.tres" id="4_88vl5"]
[ext_resource type="Material" uid="uid://chnacwolx18pt" path="res://assets/materials/SpeedPitchwood1.tres" id="5_j82be"]
[ext_resource type="AudioStream" uid="uid://cphxeoyi2jnwh" path="res://assets/allsound/SFX/Vent Ambience.wav" id="6_fpd5f"]
[ext_resource type="PackedScene" uid="uid://qtjxsyh8rw1u" path="res://scenes/interactables/janitor_key.tscn" id="11_tbu8d"]

[sub_resource type="BoxShape3D" id="BoxShape3D_88vl5"]
size = Vector3(52.3173, 19.9845, 15.2442)

[sub_resource type="BoxShape3D" id="BoxShape3D_j82be"]
size = Vector3(2.94141, 3.51355, 0.001)

[node name="ventCloset" type="Node3D"]

[node name="vents" type="Node3D" parent="."]

[node name="CSGBox3D" type="CSGBox3D" parent="vents"]
transform = Transform3D(1, 0, 0, 0, 1, 0, 0, 0, 1, -16.8541, 2.80029, 0)
material_override = ExtResource("1_aj7ev")
use_collision = true
size = Vector3(34.7082, 4.60059, 4.72095)
material = ExtResource("1_aj7ev")

[node name="CSGBox3D2" type="CSGBox3D" parent="vents/CSGBox3D"]
transform = Transform3D(1, 0, 0, 0, 1, 0, 0, 0, 1, -0.408895, -0.619392, 0)
operation = 2
size = Vector3(35.5591, 2.94828, 1.87329)
material = ExtResource("1_eunuo")

[node name="CSGBox3D2" type="CSGBox3D" parent="vents"]
transform = Transform3D(-0.0240483, 0, 0.999711, 0, 1, 0, -0.999711, 0, -0.0240483, 2.17907, 2.80029, -4.91553)
material_override = ExtResource("1_aj7ev")
use_collision = true
size = Vector3(34.1956, 4.60059, 4.72095)
material = ExtResource("3_8gdm5")

[node name="CSGBox3D2" type="CSGBox3D" parent="vents/CSGBox3D2"]
transform = Transform3D(1, 0, 2.81259e-07, 0, 1, 0, -2.81259e-07, 0, 1, -0.267167, -0.547335, 9.53674e-07)
operation = 2
size = Vector3(35.2756, 3.0924, 1.87329)
material = ExtResource("1_eunuo")

[node name="CSGBox3D3" type="CSGBox3D" parent="vents/CSGBox3D2"]
transform = Transform3D(1, 0, 6.89179e-08, 0, 1, 0, -6.89179e-08, 0, 1, -4.80087, -0.930355, -1.84662)
operation = 2
size = Vector3(1.87525, 2.32636, 5.56653)
material = ExtResource("1_eunuo")

[node name="secretRoom" parent="vents/CSGBox3D2" instance=ExtResource("2_j82be")]
transform = Transform3D(-0.0240483, 0, -0.999711, 0, 1, 0, 0.999711, 0, -0.0240483, -19.0986, -2.63272, -0.638544)

[node name="CSGBox3D3" type="CSGBox3D" parent="vents"]
transform = Transform3D(-4.37114e-08, 0, 1, 0.278505, 0.960435, 1.21738e-08, -0.960435, 0.278505, -4.19819e-08, 1.78347, 7.45585, -37.0026)
material_override = ExtResource("1_aj7ev")
use_collision = true
size = Vector3(34.1956, 4.60059, 4.72095)
material = ExtResource("3_8gdm5")

[node name="CSGBox3D2" type="CSGBox3D" parent="vents/CSGBox3D3"]
transform = Transform3D(1, 5.96046e-08, 0, -5.96046e-08, 1, 0, 0, 0, 1, 0.115753, -0.728145, 0)
operation = 2
size = Vector3(34.5098, 2.73078, 1.87329)
material = ExtResource("1_eunuo")

[node name="CSGBox3D4" type="CSGBox3D" parent="vents"]
transform = Transform3D(-0.999711, 0, -0.0240483, 0, 1, 0, 0.0240483, 0, -0.999711, -3.04618, 12.2965, -56.2818)
material_override = ExtResource("1_aj7ev")
use_collision = true
size = Vector3(34.1956, 4.60059, 4.72095)
material = ExtResource("3_8gdm5")

[node name="CSGBox3D2" type="CSGBox3D" parent="vents/CSGBox3D4"]
transform = Transform3D(1, 0, 1.28523e-07, 0, 1, 0, -1.28523e-07, 0, 1, 0.138576, -0.584667, 3.05176e-05)
operation = 2
size = Vector3(33.6116, 3.01773, 1.87329)
material = ExtResource("1_eunuo")

[node name="CSGBox3D3" type="CSGBox3D" parent="vents/CSGBox3D4"]
transform = Transform3D(1, 0, 3.72529e-08, 0, 1, 0, -3.72529e-08, 0, 1, -4.80087, -0.625423, -1.84661)
operation = 2
size = Vector3(1.87525, 2.93622, 5.56653)
material = ExtResource("1_eunuo")

[node name="CSGBox3D" type="CSGBox3D" parent="vents/CSGBox3D4"]
transform = Transform3D(1, 0, 0, 0, 1, 0, 0, 0, 1, -4.93823, 0, -3.41319)
size = Vector3(4.20508, 4.55664, 2.57031)
material = ExtResource("1_eunuo")

[node name="CSGBox3D3" type="CSGBox3D" parent="vents/CSGBox3D4/CSGBox3D"]
transform = Transform3D(1, 0, 0, 0, 1, 0, 0, 0, 1, 0.113916, -0.618892, 0.277996)
operation = 2
size = Vector3(1.87525, 3.40302, 5.56653)
material = ExtResource("1_eunuo")

[node name="CSGBox3D4" type="CSGBox3D" parent="vents/CSGBox3D4"]
transform = Transform3D(1, 0, 9.31323e-08, 0, 1, 0, -9.31323e-08, 0, 1, 14.5837, -0.770921, -1.3803)
operation = 2
size = Vector3(1.87525, 2.74384, 5.56653)
material = ExtResource("1_eunuo")

[node name="CSGBox3D5" type="CSGBox3D" parent="vents"]
transform = Transform3D(0.0472883, -0.000966604, 0.998881, -0.259417, 0.965675, 0.0132156, -0.964607, -0.259751, 0.0454144, -18.7505, 18.1914, -32.8857)
material_override = ExtResource("1_aj7ev")
use_collision = true
size = Vector3(45.6147, 4.60422, 4.72095)
material = ExtResource("3_8gdm5")

[node name="CSGBox3D2" type="CSGBox3D" parent="vents/CSGBox3D5"]
transform = Transform3D(0.999999, -4.47035e-07, 3.35276e-07, 3.8743e-07, 1, -8.10251e-08, 5.58794e-08, 2.04891e-08, 0.999992, 5.78328, -0.729509, -1.14441e-05)
operation = 2
size = Vector3(34.2019, 2.87534, 1.87329)
material = ExtResource("1_eunuo")

[node name="CSGBox3D3" type="CSGBox3D" parent="vents/CSGBox3D5"]
transform = Transform3D(1, -4.47035e-07, 3.09199e-07, 1.49012e-07, 1, -4.28408e-08, 4.17233e-07, 2.23517e-08, 0.999993, 1.0773, -2.60965, 0.094492)
operation = 2
size = Vector3(2.0846, 5.95297, 1.87329)
material = ExtResource("1_eunuo")

[node name="CSGBox3D7" type="CSGBox3D" parent="vents"]
transform = Transform3D(1, 0, 0, 0, 1, 0, 0, 0, 1, -18.8649, 11.8395, -33.4977)
material_override = ExtResource("3_8gdm5")
use_collision = true
size = Vector3(4.60608, 9.14874, 3.63269)
material = ExtResource("3_8gdm5")

[node name="CSGBox3D7" type="CSGBox3D" parent="vents/CSGBox3D7"]
transform = Transform3D(1, 0, 0, 0, 1, 0, 0, 0, 1, 0.180132, 1.24829, 0.169086)
operation = 2
size = Vector3(3.33423, 13.0537, 2.21289)

[node name="CSGBox3D8" type="CSGBox3D" parent="vents/CSGBox3D7"]
transform = Transform3D(1, 0, 0, 0, 0.240702, -0.970599, 0, 0.970599, 0.240702, 0.227064, 5.76596, 0.32906)
operation = 2
size = Vector3(1.94006, 13.0537, 3.54211)
material = ExtResource("1_eunuo")

[node name="Reverb Test" type="Area3D" parent="vents"]
transform = Transform3D(1, 0, 0, 0, 1, 0, 0, 0, 1, 1.72895, 2.17784, -17.7407)
disable_mode = 2
reverb_bus_enabled = true
reverb_bus_amount = 1.0
reverb_bus_uniformity = 1.0

[node name="CollisionShape3D" type="CollisionShape3D" parent="vents/Reverb Test"]
transform = Transform3D(1, 0, 0, 0, 1, 0, 0, 0, 1, -5.56936, 5.9929, 22.12)
shape = SubResource("BoxShape3D_88vl5")

[node name="CollisionShape3D2" type="CollisionShape3D" parent="vents/Reverb Test"]
transform = Transform3D(-0.00331608, 0, -0.999995, 0, 1, 0, 0.999995, 0, -0.00331608, 2.03651, 3.75208, -11.3862)
shape = SubResource("BoxShape3D_88vl5")

[node name="CollisionShape3D3" type="CollisionShape3D" parent="vents/Reverb Test"]
transform = Transform3D(-0.999978, 0, 0.00663213, 0, 1, 0, -0.00663213, 0, -0.999978, -4.04087, 7.50415, -43.4996)
shape = SubResource("BoxShape3D_88vl5")

[node name="Vent Thud trigger" type="Area3D" parent="vents"]
script = ExtResource("1_fgy16")

[node name="CollisionShape3D" type="CollisionShape3D" parent="vents/Vent Thud trigger"]
transform = Transform3D(1, 0, 0, 0, 1, 0, 0, 0, 1, 1.77635, 4.64352, -29.3044)
shape = SubResource("BoxShape3D_j82be")

[node name="Thud" type="AudioStreamPlayer3D" parent="vents/Vent Thud trigger"]
stream = ExtResource("2_eunuo")
volume_db = 1.0
max_distance = 10.0

[node name="closet" type="Node3D" parent="."]

[node name="janitorCloset" type="CSGBox3D" parent="closet"]
transform = Transform3D(0.672005, 0, -0.740547, 0, 1, 0, 0.740547, 0, 0.672005, -20.048, 3.50464, -29.957)
material_override = ExtResource("4_88vl5")
use_collision = true
size = Vector3(27.51, 9.76161, 16.0957)

[node name="CSGBox3D6" type="CSGBox3D" parent="closet/janitorCloset"]
transform = Transform3D(0.999826, 0, -0.0186738, 0, 1, 0, 0.0186738, 0, 0.999826, 0.174847, 0.686192, 0.775654)
operation = 2
size = Vector3(25.7207, 7.00256, 13.2398)

[node name="CSGBox3D7" type="CSGBox3D" parent="closet/janitorCloset"]
transform = Transform3D(0.764945, 0, -0.644097, 0, 1, 0, 0.644097, 0, 0.764945, -1.59394, 2.49736, -3.06924)
operation = 2
size = Vector3(3.02824, 8.01047, 4.07788)

[node name="CSGBox3D8" type="CSGBox3D" parent="closet/janitorCloset"]
transform = Transform3D(0.999826, 0, -0.0186738, 0, 1, 0, 0.0186738, 0, 0.999826, -17.2109, -0.760188, -0.995372)
operation = 2
size = Vector3(9.76856, 4.1098, 5.55481)

[node name="CSGBox3D" type="CSGBox3D" parent="closet"]
transform = Transform3D(0.74409, 0, 0.668079, 0, 1, 0, -0.668079, 0, 0.74409, -15.922, 2.12021, -31.7007)
material_override = ExtResource("5_j82be")
use_collision = true
size = Vector3(4.28003, 5.08118, 1)

[node name="CSGBox3D2" type="CSGBox3D" parent="closet"]
transform = Transform3D(0.74409, 0, 0.668079, 0, 1, 0, -0.668079, 0, 0.74409, -18.4826, 2.69907, -22.5545)
material_override = ExtResource("5_j82be")
use_collision = true
size = Vector3(9.46179, 6.39813, 2.09961)

[node name="CSGBox3D3" type="CSGBox3D" parent="closet"]
transform = Transform3D(0.74409, 0, 0.668079, 0, 1, 0, -0.668079, 0, 0.74409, -18.9715, 2.26561, -17.3924)
material_override = ExtResource("5_j82be")
size = Vector3(0.79599, 5.53122, 5.09985)

[node name="CSGBox3D4" type="CSGBox3D" parent="closet"]
transform = Transform3D(0.74409, 0, 0.668079, 0, 1, 0, -0.668079, 0, 0.74409, -18.5706, 0.778386, -17.7419)
material_override = ExtResource("5_j82be")
use_collision = true
size = Vector3(1.37691, 2.4251, 5.09985)

[node name="CSGBox3D5" type="CSGBox3D" parent="closet"]
transform = Transform3D(0.74409, 0, 0.668079, 0, 1, 0, -0.668079, 0, 0.74409, -27.8349, 0.869736, -31.9862)
material_override = ExtResource("5_j82be")
use_collision = true
size = Vector3(6.31482, 2.73947, 1.8125)

[node name="CSGBox3D5" type="CSGBox3D" parent="closet/CSGBox3D5"]
transform = Transform3D(1, 0, -0.000122458, 0, 1, 0, 0.000122458, 0, 1, -1.47663, 0.169062, 11.3112)
material_override = ExtResource("5_j82be")
use_collision = true
size = Vector3(3.1498, 1.14708, 1.8125)

[node name="funPass" parent="." instance=ExtResource("1_tia7w")]
transform = Transform3D(0.907506, 0.420038, 0, -0.420038, 0.907506, 0, 0, 0, 1, -26.0734, 2.43936, -33.5747)
funPassLevel = 3

[node name="janitorDoor" parent="." instance=ExtResource("2_taaqu")]
transform = Transform3D(0.731008, 0, 0.682368, 0, 1, 0, -0.682368, 0, 0.731008, -28.2735, 0.555335, -39.5675)

[node name="mapItem" parent="." instance=ExtResource("3_iw1bk")]
transform = Transform3D(-0.681424, 0, 0.731889, 0, 1, 0, -0.731889, 0, -0.681424, -18.5826, 3.52889, -17.7673)

[node name="VentAmbience" type="AudioStreamPlayer3D" parent="."]
transform = Transform3D(1, 0, 0, 0, 1, 0, 0, 0, 1, 9.47478, 34.78, -32.7693)
stream = ExtResource("6_fpd5f")
volume_db = 4.095
max_db = 0.0
pitch_scale = 0.47
autoplay = true
max_distance = 65.85

[node name="janitorKey" parent="." instance=ExtResource("11_tbu8d")]
transform = Transform3D(-0.991945, 0, -0.126666, 0, 1, 0, 0.126666, 0, -0.991945, -21.7408, 0.718874, -23.9825)

[connection signal="body_entered" from="vents/Vent Thud trigger" to="vents/Vent Thud trigger" method="_on_body_entered"]
